491
491
491
491
491
491
491
491
491
491
492
492
492
492
491
491
488
488
488
488
488
488
489
489
490
490
489
488
486
485
485
486
486
486
486
486
485
485
486
487
487
487
487
487
488
489
489
489
490
491
491
492
492
492
492
492
494
495
495
495
494
493
492
491
494
495
495
496
499
500
500
501
509
511
513
515
518
522
525
529
540
541
541
541
541
541
541
540
534
532
529
527
519
516
514
511
502
500
498
496
494
492
491
490
487
488
489
491
492
491
490
489
489
489
490
491
492
492
493
493
492
491
490
490
490
491
493
497
537
552
571
594
742
776
809
842
871
897
916
929
856
815
769
719
496
465
440
421
410
406
407
413
450
456
462
467
475
474
473
472
472
471
472
472
471
472
472
473
479
480
480
480
481
483
484
485
487
488
490
491
494
495
496
497
499
500
500
501
504
505
506
507
513
515
517
519
523
524
526
528
539
542
543
545
545
547
547
548
557
558
559
561
562
563
565
568
579
582
585
587
590
591
592
593
593
594
595
595
598
598
599
599
597
597
596
595
594
593
592
591
584
582
580
579
570
567
565
563
561
559
556
554
537
534
530
526
514
512
509
507
505
502
499
497
487
486
484
483
479
478
477
477
475
475
474
474
474
475
475
475
477
477
477
477
478
478
479
479
480
480
481
481
483
483
482
482
482
482
482
482
483
483
484
484
475
474
474
475
475
476
476
476
476
475
475
474
474
474
473
473
473
473
473
473
473
473
473
473
474
474
474
474
474
474
474
475
475
475
475
475
475
475
475
475
475
475
475
475
476
476
477
478
479
479
479
480
480
480
481
481
482
482
482
483
485
486
488
489
489
489
489
489
489
490
491
492
494
497
500
503
507
511
514
517
519
520
522
523
524
524
525
525
525
524
523
521
520
520
519
518
516
514
512
510
508
506
505
503
502
502
500
499
498
496
494
492
490
488
486
484
483
482
481
480
479
478
477
477
476
475
475
475
475
475
475
475
475
475
475
475
475
475
476
477
477
478
478
478
478
478
478
478
478
478
478
478
479
479
478
478
478
478
480
484
490
498
509
522
537
555
576
600
626
655
684
715
748
783
819
853
883
907
923
931
928
917
896
867
829
785
736
687
639
592
551
515
485
460
439
424
415
411
411
415
421
429
438
447
454
460
464
466
467
467
467
466
464
463
461
460
459
459
459
459
460
461
462
462
463
463
463
463
463
463
464
465
466
466
467
468
469
469
470
470
471
472
472
473
474
474
475
476
477
478
479
479
480
482
483
485
486
488
489
490
491
491
492
493
494
494
496
497
499
501
502
503
504
505
507
508
509
511
512
514
516
518
519
520
522
523
524
525
527
528
530
532
534
535
537
538
540
542
543
545
547
549
552
554
556
557
559
560
562
564
566
568
571
573
574
576
577
578
579
579
580
581
582
583
584
585
586
587
587
588
588
588
588
588
588
588
588
588
587
586
586
585
584
583
582
581
580
580
579
578
576
575
573
571
569
568
565
564
562
560
558
556
554
551
549
547
545
543
540
537
534
531
528
524
521
519
516
513
510
507
504
502
500
498
497
495
493
491
490
488
487
486
484
483
482
481
480
479
478
477
476
475
475
475
475
475
476
476
477
477
477
477
477
478
477
477
477
477
477
477
478
478
478
478
478
479
479
480
480
481
481
481
482
482
482
482
482
482
482
481
482
482
482
482
482
483
483
484
484
484
485
485
486
487
486
485
485
484
484
484
484
483
483
483
483
484
484
485
485
486
486
486
486
486
486
487
487
488
488
489
489
490
490
489
489
489
488
488
488
488
488
488
487
487
486
486
486
486
486
487
486
486
486
485
485
485
485
485
485
485
485
484
482
481
482
482
483
484
484
485
485
485
485
485
485
485
485
485
486
486
486
485
485
485
485
485
485
485
485
485
484
484
484
484
485
486
487
487
488
488
488
488
487
487
486
486
486
486
486
487
487
487
488
488
489
490
490
491
492
492
492
491
491
491
492
494
495
497
498
499
500
501
502
502
503
503
503
504
506
508
511
515
518
522
524
526
528
529
530
532
533
534
535
536
536
535
535
534
533
532
530
528
526
523
521
519
515
512
509
507
506
505
505
505
504
503
501
500
498
496
494
492
489
488
487
487
487
487
487
486
486
485
485
484
483
483
484
484
485
485
485
485
484
484
484
484
484
485
485
485
485
485
485
485
484
484
485
486
486
486
486
486
487
488
491
496
502
510
520
532
547
566
588
613
640
669
700
733
894
916
932
940
938
927
905
873
636
589
545
506
406
408
413
421
460
465
468
469
469
469
470
471
472
471
470
469
468
467
467
466
471
473
475
475
475
475
476
478
480
482
485
487
494
495
495
495
496
497
498
497
497
496
496
496
507
509
510
510
518
522
525
527
528
528
528
529
531
535
539
543
551
551
551
552
565
567
570
573
581
582
584
586
588
589
590
592
598
598
598
600
601
602
604
605
598
596
595
594
587
586
586
585
585
585
586
586
578
576
573
571
555
551
547
543
539
537
535
534
522
519
517
515
504
503
501
500
490
488
487
485
483
482
481
480
477
477
478
479
480
480
481
482
483
484
486
488
489
488
486
485
482
483
483
483
483
483
483
484
489
489
489
489
490
491
493
494
495
494
494
493
492
491
490
489
486
486
485
484
484
483
483
483
483
482
481
479
476
476
476
476
477
477
477
477
478
478
479
480
484
484
483
482
474
474
474
474
475
475
475
474
474
475
475
475
475
474
473
472
472
472
471
471
474
475
475
475
476
475
475
475
475
475
476
476
484
486
487
488
489
490
490
491
492
494
496
499
517
519
521
522
522
522
522
522
523
522
522
520
509
508
507
505
495
493
490
488
481
480
478
476
474
473
472
472
478
479
479
479
479
479
479
479
479
479
479
479
483
484
484
485
485
487
490
495
547
564
583
606
631
659
689
722
880
901
914
920
917
906
885
855
628
581
538
500
401
401
404
411
449
455
460
464
466
467
468
468
471
472
471
471
469
468
467
467
468
468
469
469
470
471
472
473
481
483
484
486
486
487
487
488
493
494
494
495
504
505
506
507
507
507
507
506
511
514
516
518
527
529
530
532
533
535
536
537
546
549
553
556
569
570
571
573
574
575
576
578
582
582
583
583
586
586
587
587
587
587
587
588
590
590
591
591
590
589
587
586
577
575
573
571
555
552
548
546
543
541
539
537
527
524
522
519
505
503
501
499
498
496
495
493
487
486
486
485
484
483
483
482
478
478
478
479
479
480
481
481
482
482
482
482
481
481
481
480
480
479
478
478
478
479
480
481
482
483
484
484
483
481
480
480
479
479
479
480
481
482
484
486
488
489
490
490
490
491
492
493
494
496
499
502
505
508
510
513
516
518
520
522
524
525
527
527
528
527
526
525
524
523
523
522
522
521
519
517
514
510
507
504
502
500
500
499
499
499
499
498
495
493
490
488
486
485
483
483
482
482
482
482
481
480
478
476
476
475
475
476
476
477
478
478
479
479
479
480
480
480
480
479
479
479
479
478
477
477
477
477
478
479
480
481
482
482
482
482
484
486
491
497
506
517
531
548
568
591
615
643
672
703
735
769
804
837
866
891
908
917
918
910
893
866
830
786
739
690
641
595
552
515
484
459
438
422
413
409
409
413
420
429
439
449
458
465
469
472
472
471
470
468
467
466
465
463
463
462
465
465
466
466
466
467
468
468
469
469
469
469
471
471
470
471
479
482
484
486
488
489
490
492
494
494
494
494
496
498
500
502
505
508
511
512
516
517
518
519
530
533
534
535
536
536
538
539
548
550
553
555
568
570
573
575
580
580
579
578
577
577
577
577
582
582
582
582
582
582
582
582
577
576
576
575
569
568
566
564
562
560
559
557
546
544
542
540
525
522
519
515
512
509
506
503
491
490
488
486
480
479
479
479
476
475
474
473
471
470
470
470
470
469
469
468
467
467
467
467
466
466
467
469
470
471
472
473
471
471
472
474
475
477
478
479
478
478
479
480
484
483
482
480
478
476
475
473
469
470
470
470
474
475
476
476
475
475
475
474
477
478
478
478
475
474
474
473
468
467
466
466
467
467
468
469
471
471
470
470
474
474
473
473
472
472
472
471
473
473
473
472
472
471
470
468
467
466
465
464
466
467
468
469
472
472
471
471
471
470
469
469
471
472
474
475
477
477
477
477
477
478
478
477
476
477
477
478
484
485
484
485
485
486
487
489
501
504
507
510
519
521
522
522
520
519
519
518
507
504
502
500
498
496
494
493
486
486
486
485
484
483
483
482
477
475
474
473
475
475
476
475
475
475
475
475
473
473
472
472
476
476
476
476
475
473
472
473
504
516
531
548
674
706
740
774
809
841
869
891
881
852
815
771
547
513
485
461
416
419
425
432
466
470
473
474
474
473
472
470
462
462
463
463
464
464
464
464
468
469
470
470
473
473
473
473
476
477
478
479
480
481
482
483
488
489
490
491
492
493
495
496
506
507
509
511
517
518
518
519
523
524
525
527
529
531
533
534
543
546
548
551
561
561
561
562
563
565
567
570
582
585
586
587
588
588
588
588
588
589
589
589
587
587
587
587
587
586
585
584
583
581
579
577
568
566
564
562
549
545
541
539
537
536
534
532
522
519
516
513
501
500
498
496
494
493
492
490
483
481
481
480
476
476
475
475
485
486
486
486
484
483
481
479
474
474
475
477
486
488
489
490
490
490
489
489
488
488
487
487
491
491
490
489
488
488
489
489
489
488
487
485
489
490
491
491
490
489
487
486
487
487
486
486
489
489
490
490
490
490
490
489
484
484
485
485
484
483
482
481
480
480
480
480
484
485
486
487
491
490
489
487
481
481
481
482
483
484
485
486
486
486
487
487
489
490
492
493
494
495
496
497
499
500
502
504
520
522
524
524
525
526
527
528
523
523
523
524
519
516
512
509
505
503
501
500
497
496
494
492
485
484
483
482
479
478
478
478
478
479
480
480
480
480
479
479
479
479
478
478
479
480
480
481
483
485
489
495
556
577
601
627
656
687
719
753
910
929
942
946
818
769
717
666
616
569
527
490
404
405
410
417
449
453
457
460
462
464
464
465
462
462
462
462
463
464
464
465
470
471
472
473
473
473
474
475
483
484
485
485
482
482
483
484
485
487
488
489
494
496
499
501
508
510
511
512
513
515
516
518
529
531
532
533
535
536
537
539
541
543
546
549
562
564
566
568
578
580
581
582
587
589
590
591
591
591
591
591
587
587
586
586
586
587
587
586
579
578
577
576
570
569
567
566
555
552
548
544
541
539
537
536
526
523
519
516
503
501
499
497
495
492
490
488
477
476
474
473
471
470
469
469
469
470
470
471
470
470
470
470
470
469
469
468
468
468
469
470
475
475
476
476
481
481
481
481
480
479
478
478
482
482
481
481
480
480
480
480
479
478
478
478
479
480
480
479
479
479
480
480
481
480
479
478
477
476
475
475
474
475
476
476
474
474
473
473
472
471
471
472
477
476
476
475
471
471
472
472
473
474
475
476
476
476
475
475
478
479
480
480
480
480
480
480
481
481
481
482
480
480
480
480
483
484
485
485
493
496
498
501
503
505
508
511
521
522
524
525
526
526
527
526
521
519
517
515
500
497
495
494
493
492
491
491
484
482
481
479
479
479
480
480
480
480
480
479
477
478
478
477
479
478
478
478
477
477
477
477
478
478
478
480
511
524
539
558
579
604
630
658
822
856
887
912
905
875
836
791
554
517
487
462
443
429
421
416
436
444
452
458
466
465
464
463
461
460
459
458
458
458
459
459
464
465
467
468
469
469
470
470
476
476
477
477
477
478
480
483
486
489
490
491
493
494
494
495
502
504
506
508
509
510
511
512
527
529
532
533
535
536
538
539
547
549
551
554
556
559
561
563
568
568
569
570
581
584
585
587
591
591
591
590
589
588
587
586
584
585
586
586
587
586
586
586
582
581
579
578
565
562
560
557
554
551
548
545
533
531
530
529
515
512
509
506
495
494
493
492
491
490
489
487
478
478
477
477
476
476
476
477
478
478
480
480
481
481
482
482
483
483
483
484
483
482
481
480
479
479
479
480
482
483
485
486
487
487
486
485
484
482
481
480
480
480
482
483
485
486
487
489
491
492
494
496
498
499
499
499
498
498
498
498
500
503
506
509
513
516
520
522
525
527
528
529
531
531
532
531
530
529
528
526
525
524
522
519
517
515
513
512
511
510
510
508
507
506
505
503
502
499
497
494
491
489
487
486
485
483
481
480
479
478
478
478
478
479
479
479
478
478
477
477
477
477
478
478
480
481
482
484
485
487
488
488
488
488
486
485
483
482
482
482
483
483
483
484
484
485
488
492
497
505
514
527
543
562
585
611
639
669
700
732
766
799
832
861
885
903
913
915
909
894
869
837
797
751
703
656
611
569
533
502
477
455
439
428
422
420
422
427
435
443
452
459
464
468
469
470
468
468
468
469
469
469
470
470
470
469
468
468
469
470
472
474
482
483
483
483
482
482
482
482
488
489
490
490
491
492
493
494
500
502
503
505
514
516
517
517
517
517
518
519
527
528
528
528
535
537
540
542
544
545
546
547
557
560
562
565
573
575
576
578
585
586
585
585
585
585
585
584
585
586
587
587
584
582
579
577
574
574
574
574
574
573
571
569
552
551
549
548
547
545
543
540
527
523
521
518
507
505
504
502
501
500
499
498
487
485
482
481
479
479
478
476
475
474
474
475
476
476
477
477
481
481
482
482
487
488
488
489
488
488
486
485
480
479
479
479
483
483
484
484
484
485
485
486
490
490
489
490
490
490
490
489
489
489
488
488
490
489
489
488
487
488
488
489
489
489
489
489
486
485
484
483
485
486
486
486
486
486
485
484
481
481
482
483
482
482
482
482
482
483
485
486
489
489
488
486
482
483
485
486
489
490
490
491
487
486
486
487
487
487
488
488
484
484
484
485
486
488
489
490
493
495
498
501
514
515
517
518
520
523
525
527
537
537
537
536
530
528
527
525
523
521
519
516
509
510
511
512
500
496
493
491
489
488
487
486
483
483
484
485
486
486
486
486
486
487
488
488
483
483
484
484
485
486
486
486
499
506
515
527
541
557
577
599
743
776
809
840
924
917
901
874
838
796
748
698
485
456
434
418
424
434
442
450
457
463
467
470
471
470
469
468
468
468
468
468
472
474
476
478
480
482
482
482
479
480
480
480
486
487
488
489
490
491
491
492
499
501
502
503
507
508
508
508
509
509
510
511
520
522
524
526
530
531
532
533
535
537
539
542
555
558
560
563
568
570
571
573
575
578
581
583
584
585
587
588
591
591
590
590
590
590
590
590
588
587
585
584
581
580
580
579
575
574
573
572
570
566
563
559
549
547
545
542
528
525
521
518
516
513
511
509
493
491
488
486
480
480
481
481
481
482
482
484
487
485
484
481
476
476
478
479
480
480
480
480
477
477
477
477
484
486
488
489
490
490
489
488
484
485
485
485
487
487
487
486
486
485
484
483
484
485
485
486
485
485
485
485
485
485
486
487
488
488
487
486
482
481
480
479
476
476
476
477
477
476
476
476
475
475
476
476
478
478
478
477
477
477
478
478
476
476
477
477
477
477
477
476
476
476
476
477
479
480
479
479
477
478
478
478
478
479
480
481
490
494
497
501
515
517
518
520
519
519
518
518
511
508
505
503
500
498
497
496
493
491
489
487
485
483
481
480
472
470
467
465
468
470
471
471
471
471
470
469
468
468
468
469
468
469
469
470
471
471
472
472
488
496
507
521
638
668
700
733
766
799
831
858
904
888
862
827
592
546
505
469
384
386
391
398
441
447
451
453
455
455
455
455
450
449
448
447
447
447
447
446
448
449
450
451
457
459
459
459
459
459
459
460
467
468
469
471
478
480
481
483
483
483
483
483
487
489
490
491
495
497
499
501
514
515
514
514
514
514
514
515
526
528
531
534
548
551
553
556
558
559
560
561
565
567
568
570
576
576
576
576
577
576
576
575
568
568
569
569
563
560
558
556
555
554
553
552
546
544
542
540
530
528
526
523
521
519
517
515
502
499
496
493
482
479
476
473
469
465
462
460
461
462
462
462
457
457
457
457
460
461
462
463
468
468
469
468
467
466
465
464
460
460
460
460
462
463
463
464
464
464
464
465
468
468
469
470
470
470
470
470
471
473
473
473
467
466
465
464
463
463
463
463
464
464
465
466
466
465
464
464
463
463
463
463
462
463
463
464
467
467
466
464
463
463
463
464
466
466
465
465
465
465
466
466
464
463
463
463
463
464
465
465
466
467
469
469
474
474
475
476
476
477
477
478
483
486
489
492
509
511
513
514
514
514
513
511
505
504
505
505
497
495
492
489
484
484
485
484
484
483
482
481
472
469
467
465
461
460
460
460
460
460
460
461
462
463
464
464
469
470
471
472
467
466
466
467
472
479
489
501
603
630
660
691
723
756
791
825
914
908
894
870
654
606
562
523
491
464
442
426
413
419
427
435
459
460
460
458
456
453
451
450
451
452
454
455
460
460
461
461
460
460
460
461
462
463
464
465
471
472
474
476
483
484
485
485
493
494
496
498
500
501
502
503
504
504
505
506
508
509
512
514
522
523
524
526
537
540
542
544
546
548
549
551
560
562
565
567
577
578
578
579
580
581
582
583
584
584
585
585
585
584
582
581
576
576
575
575
575
574
574
573
565
562
559
555
541
540
539
537
535
533
530
528
517
514
513
511
499
496
493
491
489
487
486
485
482
481
480
480
475
475
475
475
472
471
471
471
472
474
475
476
478
479
480
480
480
481
481
481
482
483
484
484
485
485
485
485
485
485
486
487
489
492
496
500
505
509
512
516
518
521
522
524
525
526
526
527
527
527
527
526
524
522
520
518
517
515
513
510
506
503
500
497
496
495
494
494
494
493
492
490
487
484
480
477
474
472
470
469
469
469
469
469
469
470
470
470
470
469
469
468
467
467
467
467
468
468
469
469
469
470
471
472
473
473
472
472
471
470
469
469
469
468
467
467
467
467
469
471
475
480
487
495
504
516
530
546
566
589
614
641
669
699
730
763
796
827
854
874
886
889
883
869
846
815
777
733
686
640
596
556
519
489
464
443
427
416
410
407
408
412
418
425
433
441
448
453
456
458
459
460
459
458
457
456
455
453
452
451
450
450
450
450
450
450
450
449
449
449
450
451
452
452
453
454
455
456
457
458
458
459
460
460
461
462
463
464
469
470
471
472
477
478
480
482
484
486
488
490
494
494
495
496
503
503
504
505
511
513
515
517
518
519
521
523
533
534
536
537
546
548
550
553
555
556
557
557
563
565
566
568
567
566
565
564
564
563
562
561
559
558
559
559
552
551
549
547
545
543
542
541
533
531
530
527
516
513
510
506
502
498
495
491
479
477
475
474
470
469
468
467
466
464
462
460
458
458
458
457
457
457
457
458
460
461
461
462
462
462
462
462
464
465
465
465
465
466
467
468
469
468
468
467
465
466
466
466
464
464
465
465
465
465
464
464
470
472
474
475
471
469
468
467
467
467
467
467
469
469
469
470
470
469
468
468
468
468
468
467
465
464
462
460
466
469
471
472
472
470
470
469
468
468
469
469
471
471
471
472
472
472
471
470
469
469
469
470
470
470
471
472
473
473
473
474
475
477
479
482
489
490
492
493
508
511
515
517
520
521
522
523
521
521
520
520
511
507
504
501
499
497
496
495
492
491
490
489
481
479
477
475
473
473
473
474
475
475
475
475
476
476
476
476
475
475
476
476
477
478
479
480
486
488
492
498
559
579
601
626
654
684
716
749
896
912
921
921
776
727
677
629
444
424
411
405
405
408
414
421
454
460
465
468
470
469
467
467
466
467
467
467
468
470
471
471
473
474
474
474
475
476
477
478
485
487
488
489
494
495
496
497
497
497
498
499
504
504
504
503
512
515
517
519
521
523
524
526
531
533
534
536
546
547
548
549
550
552
553
555
566
568
571
574
580
580
580
580
581
583
585
587
592
593
594
595
599
599
598
597
588
587
587
587
584
583
582
581
580
579
578
576
565
561
558
555
552
549
548
547
536
533
530
527
515
512
509
506
504
502
500
499
493
491
488
486
481
481
481
482
482
482
483
483
487
488
488
487
481
480
480
480
480
481
483
484
488
489
489
489
487
486
486
487
493
494
494
493
488
487
487
486
485
484
484
484
487
487
488
489
490
490
490
490
492
492
493
493
486
485
485
485
485
487
489
491
491
490
490
489
483
482
481
480
481
481
483
484
485
484
482
481
477
477
478
479
486
487
487
488
488
488
487
486
484
485
485
485
485
484
483
481
484
486
487
488
489
489
489
489
494
495
496
498
500
502
505
508
525
527
528
528
528
527
527
526
526
526
526
525
516
514
513
511
500
498
495
493
491
490
489
488
483
481
480
478
478
480
482
484
485
487
488
490
495
494
492
491
487
486
486
485
488
489
492
496
536
553
573
597
623
652
681
713
874
898
915
924
924
915
897
869
642
595
553
516
420
417
418
422
428
435
443
451
475
476
477
476
474
473
472
471
470
470
470
471
475
475
474
474
475
474
475
475
476
477
478
480
490
492
493
494
495
496
497
498
506
507
508
509
509
510
510
510
515
517
519
521
528
530
532
534
536
539
541
543
549
551
552
553
561
563
566
568
569
571
573
575
581
583
585
587
590
590
590
590
590
590
590
591
592
591
590
590
586
584
583
581
580
578
576
574
565
563
562
560
554
553
551
549
545
541
537
534
520
518
516
514
503
500
498
496
488
487
487
486
486
486
485
484
482
481
481
481
481
482
483
483
481
481
481
482
483
484
486
487
490
491
491
491
490
490
490
489
490
490
490
491
493
493
494
495
495
494
493
492
485
485
485
487
493
493
494
494
494
494
494
495
491
489
488
487
489
490
490
491
495
495
494
493
492
492
491
490
491
491
492
492
489
489
490
490
491
492
492
492
492
492
492
492
493
493
492
491
490
490
490
489
489
488
488
487
489
489
490
491
492
492
493
494
498
499
499
500
503
503
502
502
508
511
514
518
523
527
531
534
542
542
542
541
530
528
527
525
524
522
519
517
515
514
513
511
501
500
499
497
491
490
489
488
488
487
487
487
486
487
487
488
489
489
490
490
492
492
492
492
489
489
489
490
492
494
498
502
555
573
595
619
776
812
845
875
899
915
923
922
789
743
695
649
478
458
443
433
440
448
457
465
472
477
481
484
478
476
475
474
474
475
476
478
480
479
478
477
476
476
475
476
481
482
483
484
485
486
486
486
492
494
496
498
502
503
503
504
505
507
508
509
515
515
517
518
528
529
531
531
532
533
534
535
542
544
545
548
561
563
565
566
574
576
577
579
580
580
581
583
589
590
590
591
591
591
591
591
592
592
593
593
587
586
584
583
578
576
575
574
572
571
569
568
563
561
559
557
542
539
536
533
530
527
523
519
507
504
503
501
497
498
499
499
499
498
496
495
485
484
483
482
482
483
484
485
485
485
485
485
485
485
486
487
489
489
490
490
492
492
493
494
495
495
496
497
495
493
490
488
490
489
489
490
492
493
495
4497
498
499
500
501
501
500
499
499
499
499
499
500
501
502
503
504
506
508
511
514
518
523
527
530
532
534
536
537
538
538
539
538
538
538
537
536
535
535
534
532
530
528
525
521
518
515
512
509
506
504
501
499
498
498
499
500
501
501
501
500
499
498
496
495
493
491
489
487
486
486
486
486
488
490
491
493
493
494
494
495
494
494
494
494
494
493
493
493
493
493
493
494
494
494
494
494
493
492
491
490
489
489
491
494
499
506
514
523
534
547
563
582
604
628
655
685
715
748
781
814
844
870
891
903
908
904
891
870
840
802
759
713
668
624
582
546
516
490
468
451
439
432
429
430
434
440
448
456
465
472
479
484
487
487
486
485
482
480
478
476
475
475
474
474
474
474
474
474
474
474
474
475
477
478
479
480
481
481
481
480
480
480
480
481
482
483
484
485
486
487
488
489
495
496
497
498
499
501
501
502
507
509
511
512
518
520
522
523
526
526
527
528
534
535
536
537
539
540
542
544
555
557
559
561
563
564
566
568
577
578
579
579
585
587
589
592
593
595
596
596
596
596
596
595
589
587
586
585
585
585
585
586
585
584
583
581
572
570
568
566
564
562
560
558
546
544
541
539
526
523
520
517
503
501
499
498
497
498
498
497
493
493
492
492
490
489
490
490
491
491
490
490
487
487
487
488
490
490
490
490
491
491
490
490
489
489
489
490
492
491
491
492
492
492
492
493
494
494
494
493
491
490
491
491
491
491
492
493
493
494
494
493
489
489
489
490
491
491
491
491
486
486
486
486
486
485
485
485
485
486
486
487
487
486
486
486
484
485
486
486
485
485
485
485
486
485
485
485
484
484
485
486
486
486
485
485
485
486
487
487
487
487
487
487
493
494
493
493
494
494
495
496
500
502
504
506
524
527
530
532
533
534
533
533
526
523
520
518
516
514
512
511
500
499
497
496
495
495
494
494
490
489
488
486
485
485
485
484
484
483
483
482
487
488
489
489
489
488
487
485
484
483
482
482
494
501
510
519
605
631
659
690
722
756
790
823
935
936
928
910
704
654
606
560
519
482
453
430
416
423
430
437
466
469
471
471
465
465
464
464
464
464
465
465
468
468
469
470
473
474
474
474
480
481
482
483
483
483
483
484
489
490
491
491
492
492
493
494
504
505
506
507
512
513
514
516
518
519
520
520
527
529
531
532
538
539
541
544
546
548
551
554
564
565
567
569
576
577
578
579
586
587
588
589
589
590
591
591
590
589
588
587
581
581
581
580
575
573
571
569
567
566
564
563
553
551
548
546
543
540
537
534
520
517
514
511
500
498
495
493
491
488
487
485
478
477
476
475
471
471
471
470
470
470
470
471
471
471
471
472
474
474
474
474
475
475
475
475
475
476
477
477
478
478
477
477
479
479
479
479
479
479
479
479
480
480
480
480
478
478
478
478
478
478
478
478
478
478
478
478
475
475
475
475
476
475
475
475
473
473
473
473
474
473
472
471
470
470
471
471
471
470
470
470
469
469
469
469
469
469
468
468
470
470
470
470
470
471
472
472
472
472
472
473
473
474
475
476
479
479
479
480
482
482
482
483
484
485
487
490
507
510
512
513
517
517
517
517
517
516
516
515
507
506
504
501
493
492
490
489
488
486
485
483
478
477
477
477
476
475
475
475
474
474
474
475
475
475
476
476
477
478
478
478
477
477
476
476
480
484
490
498
572
595
621
650
813
846
876
901
919
928
929
919
740
689
640
593
427
412
404
401
403
407
414
422
459
462
464
464
460
460
459
459
459
459
459
459
461
461
461
462
465
466
467
468
469
470
470
471
476
477
478
479
483
484
485
486
494
495
496
496
497
498
499
501
507
508
509
510
518
520
522
523
525
526
527
529
536
538
540
542
552
554
556
558
560
562
563
565
573
575
576
578
584
585
586
587
587
588
589
589
589
588
588
587
583
582
580
579
577
576
575
575
570
568
566
564
553
551
548
546
543
541
538
535
522
519
517
514
500
498
496
494
487
485
482
480
476
476
476
475
474
474
473
473
473
472
472
473
473
473
473
473
474
475
475
475
476
477
477
478
478
478
478
478
479
479
479
480
480
481
481
482
482
482
482
482
482
482
482
483
483
482
482
482
484
484
484
483
483
482
482
481
481
481
481
481
479
479
479
480
480
480
480
480
480
480
480
480
479
478
478
477
477
477
478
478
476
476
476
476
478
478
478
479
479
479
479
479
480
480
480
480
480
481
481
482
482
482
483
483
486
486
487
488
489
490
491
493
495
498
501
505
521
522
524
525
526
526
524
523
519
516
514
511
502
501
500
499
498
496
494
492
485
484
483
483
482
481
480
480
478
478
478
478
478
478
479
480
480
481
482
482
481
481
481
482
482
483
485
489
495
502
512
524
627
655
684
715
884
910
928
937
937
928
908
879
648
600
557
519
417
414
414
418
455
461
466
468
468
467
465
463
462
461
461
460
462
462
463
463
463
464
465
466
470
471
471
472
477
478
479
480
481
481
482
483
488
489
491
492
496
497
498
500
501
502
504
505
511
512
514
515
523
524
525
526
536
538
539
541
543
544
546
548
558
560
562
563
570
572
574
575
576
577
578
579
584
584
585
585
586
586
585
585
585
585
585
584
579
578
577
576
570
568
566
564
554
552
550
547
545
542
540
537
523
521
518
516
513
510
508
505
496
494
492
490
483
482
482
481
480
480
479
478
474
474
474
474
474
474
474
474
475
475
476
476
478
479
479
480
483
482
482
481
482
482
483
483
483
483
483
483
494
494
495
496
497
500
503
6
510
514
518
521
524
525
527
527
528
528
528
529
528
528
527
526
525
524
523
522
521
519
517
514
512
510
508
507
506
504
502
500
499
497
495
494
492
490
489
488
486
485
484
483
482
481
480
480
480
479
479
479
479
478
478
478
478
478
478
478
479
479
479
479
479
480
480
480
480
480
481
481
481
481
481
481
481
481
481
481
481
481
482
485
490
496
504
515
527
543
561
583
607
633
662
692
723
756
789
823
854
882
903
916
920
916
903
880
848
807
762
713
664
617
573
535
502
475
453
435
423
416
413
414
418
424
432
441
449
456
461
465
468
469
469
468
466
465
464
463
462
461
461
460
460
460
460
460
461
462
463
464
464
464
465
465
466
466
466
466
466
467
468
469
470
471
472
472
473
474
475
476
477
478
479
480
481
482
483
484
485
486
487
488
489
490
492
493
495
496
497
497
498
499
500
501
508
508
509
510
518
519
521
523
525
526
527
528
537
539
541
543
551
552
554
556
565
566
567
568
569
570
571
572
578
578
579
579
580
580
580
580
579
578
577
577
573
573
572
570
564
563
561
560
558
557
555
553
543
541
539
537
523
520
517
514
512
510
507
504
593
491
489
487
479
477
476
474
473
472
471
470
468
468
468
468
469
469
469
469
469
470
470
471
471
471
471
471
471
471
471
471
471
471
471
472
473
474
474
474
474
474
474
474
475
475
475
475
475
475
474
475
474
474
474
474
473
472
472
472
472
472
472
472
470
470
470
470
469
468
468
468
468
468
468
468
466
466
466
466
467
467
466
466
465
464
464
464
463
463
463
463
464
464
464
463
462
463
463
463
464
464
464
464
464
464
464
464
464
464
464
464
465
465
466
467
469
469
470
471
474
474
474
475
476
477
480
482
499
501
503
505
508
507
506
505
504
503
501
500
593
491
489
486
477
476
475
474
466
464
462
461
460
459
458
457
454
454
454
454
453
453
453
453
453
453
454
454
455
455
455
455
456
456
456
457
484
496
511
528
549
573
599
627
685
817
844
866
881
887
884
872
888
640
594
550
509
397
390
387
388
392
398
406
437
439
440
440
436
435
434
434
434
434
434
434
438
439
439
439
440
441
442
443
445
446
447
449
453
454
455
455
456
458
459
460
466
466
467
468
468
469
471
473
481
482
482
483
491
492
493
494
495
497
499
501
508
510
511
513
523
525
527
528
529
531
532
534
542
543
544
545
550
551
552
553
555
556
557
556
556
555
555
554
551
551
550
549
545
544
543
541
540
538
537
535
528
526
524
521
506
503
501
498
496
494
491
488
475
472
470
468
462
460
458
456
455
454
453
452
451
450
450
449
448
449
450
451
451
452
452
452
455
456
456
456
458
458
458
458
458
458
458
457
456
456
456
456
460
460
461
461
463
462
461
461
461
462
463
463
464
464
465
465
467
466
466
465
465
464
463
462
461
462
462
463
463
463
463
463
463
463
463
462
462
462
462
463
462
463
463
464
464
465
465
465
464
464
464
465
464
463
463
463
464
465
466
467
468
467
467
467
473
474
474
474
478
479
479
479
483
484
485
487
490
493
497
502
517
517
517
517
515
515
515
514
513
512
510
508
597
495
493
491
489
488
487
486
478
476
474
473
472
472
472
472
472
472
472
471
469
470
471
472
472
473
473
474
474
474
474
475
475
476
478
480
417
530
546
564
503
737
770
803
834
863
888
907
984
850
808
761
721
484
452
427
409
399
395
397
434
442
448
454
466
466
466
466
466
466
466
466
465
466
466
466
472
473
473
474
474
474
475
476
482
483
484
485
489
491
492
493
494
494
495
496
403
505
506
507
512
514
515
517
518
520
521
523
536
537
539
540
542
544
546
547
557
559
561
562
563
565
566
568
578
580
581
583
588
590
591
592
592
593
594
594
596
597
597
596
592
592
591
590
590
590
590
589
584
583
581
580
573
571
569
566
564
562
560
557
546
543
540
536
524
521
519
517
514
512
510
507
593
492
490
490
489
489
489
489
489
489
488
488
489
489
489
490
491
491
492
492
494
494
494
493
493
494
494
494
495
495
495
496
497
498
498
498
499
499
499
499
400
500
500
500
501
501
501
501
501
501
501
501
501
501
501
500
599
498
498
498
498
499
499
499
499
499
499
499
499
499
499
499
498
498
498
498
498
498
498
498
497
498
498
497
496
496
496
497
497
498
498
498
496
496
497
497
499
500
500
501
501
502
502
503
506
507
507
507
511
513
515
518
521
524
527
531
543
544
545
545
545
545
544
544
543
541
539
537
528
526
525
524
515
513
512
510
504
503
502
501
500
500
500
500
501
500
500
500
500
500
500
500
500
500
500
501
501
502
502
503
506
511
518
526
536
549
565
583
614
746
780
815
846
951
948
935
913
881
841
794
755
518
487
462
427
432
439
447
483
486
488
489
488
487
486
484
480
480
480
480
482
483
483
484
485
486
487
487
489
490
491
492
497
498
499
500
501
501
502
503
506
507
508
509
516
517
518
519
520
521
522
523
531
532
534
535
544
546
548
550
552
554
556
558
566
568
570
572
580
582
584
586
588
590
591
593
598
599
601
602
604
603
603
602
604
604
603
602
601
600
599
598
594
593
591
590
582
581
579
577
567
564
562
560
558
556
554
552
538
534
531
528
526
524
521
519
508
506
504
502
595
493
492
491
490
490
490
489
490
490
490
490
490
490
490
490
490
490
490
490
492
492
492
492
492
492
493
493
493
493
493
493
492
493
493
493
493
494
494
494
494
494
494
494
493
494
494
494
494
493
493
493
424
522
520
518
516
515
513
51510
508
507
505
504
502
501
499
497
496
495
494
493
493
492
492
491
490
490
489
488
487
487
487
487
487
487
487
487
487
487
487
487
487
487
487
487
488
488
489
489
489
489
489
489
489
489
488
488
488
489
491
494
500
507
517
529
543
561
581
604
630
659
689
720
752
787
822
856
887
913
932
942
943
934
917
889
852
809
761
710
661
613
570
533
502
476
454
438
427
422
420
423
429
437
446
455
463
469
474
477
479
479
478
477
475
474
473
472
472
471
471
470
470
470
470
470
470
471
472
473
474
474
475
475
475
476
476
476
477
478
479
480
481
482
482
483
484
484
485
486
488
489
490
491
492
492
493
493
494
495
496
497
498
499
501
502
503
504
505
506
507
508
509
511
512
513
515
516
517
518
519
520
522
523
525
527
529
531
533
535
536
537
539
540
549
550
551
553
555
556
558
561
570
572
574
575
581
583
584
586
587
588
588
588
591
591
591
591
588
588
587
586
586
585
585
584
578
576
575
574
569
567
564
562
559
557
555
553
542
539
536
533
522
519
517
514
511
508
506
504
497
496
494
492
485
484
483
482
480
480
480
480
481
481
481
482
482
482
483
483
485
485
485
484
484
484
485
485
488
488
487
487
486
487
488
488
489
489
488
488
488
488
488
489
489
488
489
489
490
490
490
490
488
488
489
489
489
489
489
488
488
488
489
489
488
488
487
487
487
487
487
486
484
484
484
485
484
484
483
483
483
483
484
484
484
485
485
485
485
485
485
485
484
485
485
485
486
485
485
485
484
484
485
485
487
488
488
488
489
490
491
491
492
492
493
493
498
498
498
498
504
508
512
516
530
531
532
532
532
533
533
533
528
527
526
524
516
514
512
511
509
508
506
505
497
495
494
492
486
485
485
484
482
482
483
483
483
484
485
485
484
484
484
485
485
486
487
487
487
487
488
488
510
520
533
548
567
588
613
639
796
829
861
889
915
893
861
821
775
725
676
628
461
443
430
422
438
447
456
463
476
475
475
474
471
470
469
469
470
470
471
472
473
473
473
474
475
475
476
478
483
483
483
483
489
490
491
492
492
493
494
495
500
501
502
503
508
509
511
512
514
516
517
519
527
529
530
532
539
541
542
544
546
547
549
550
557
558
560
563
573
574
575
577
578
580
582
584
590
591
592
593
593
592
592
591
590
590
590
590
589
588
586
584
579
579
579
578
570
567
565
564
562
561
559
557
540
537
535
533
522
519
516
513
510
508
505
503
496
494
492
489
482
481
480
480
480
480
480
480
483
483
483
483
480
480
480
480
481
481
481
481
483
483
484
484
484
484
485
485
485
485
486
485
486
486
486
486
487
488
488
488
487
487
487
487
488
488
489
489
488
488
488
488
484
483
483
484
485
485
486
487
488
487
487
486
486
486
487
487
487
487
487
487
484
484
483
483
484
485
486
486
487
487
486
486
484
484
484
483
487
487
487
487
485
485
485
485
484
484
484
484
484
484
485
486
491
492
493
493
494
495
495
496
500
500
500
500
510
514
518
522
525
528
530
532
534
533
532
531
525
523
521
519
517
515
513
512
505
504
503
501
493
491
489
487
486
487
487
487
486
486
485
485
487
487
487
487
486
485
485
485
484
484
483
483
485
486
489
492
533
547
566
590
616
644
674
706
867
892
912
925
854
812
764
714
663
613
567
525
405
399
400
405
447
454
460
464
467
469
470
470
468
467
468
468
468
469
469
470
470
471
472
472
476
476
477
478
482
483
484
484
492
493
494
495
496
496
497
498
503
504
505
506
510
511
512
514
515
516
517
519
528
531
533
534
540
541
543
544
546
548
549
550
559
561
563
565
572
573
574
575
577
578
580
581
585
585
586
586
587
587
586
586
586
585
585
585
583
582
581
580
575
574
573
572
561
559
557
555
553
551
549
546
531
528
525
523
512
509
507
504
501
498
496
494
484
483
481
480
475
475
475
474
474
474
473
473
474
473
473
473
472
473
473
473
474
475
475
476
477
477
477
477
478
478
477
477
478
478
478
478
478
478
478
479
481
481
481
481
480
480
480
480
480
480
480
480
479
479
479
479
478
478
478
478
478
477
476
476
475
475
475
475
473
473
473
473
473
474
474
474
474
474
474
474
474
474
474
474
474
474
474
474
473
473
472
472
473
474
474
474
474
475
475
475
477
477
478
478
479
480
482
483
484
485
485
485
488
490
493
496
512
514
516
518
522
522
522
521
517
516
514
512
509
507
504
502
495
494
492
491
489
488
486
484
477
477
476
476
474
474
474
474
475
475
476
476
475
475
475
475
476
476
476
475
475
476
476
476
487
494
503
513
610
638
667
698
863
891
912
925
929
923
909
884
660
611
565
524
407
401
400
403
409
416
425
434
463
464
464
464
460
460
460
459
458
458
458
458
460
461
462
463
466
467
468
469
472
473
474
475
475
476
477
478
482
483
484
485
487
488
489
490
494
495
496
497
504
505
506
508
509
511
513
516
524
525
527
529
539
541
542
544
553
556
558
560
561
563
564
565
573
575
576
578
581
581
582
583
583
584
584
584
581
580
580
579
577
575
574
573
572
571
569
568
561
560
558
556
545
543
540
537
534
531
529
526
514
512
509
506
492
490
489
487
485
484
482
480
475
475
474
474
471
470
470
470
470
470
471
471
469
470
470
470
473
473
473
472
474
474
475
475
475
476
476
476
476
477
477
477
476
476
476
477
477
478
478
479
478
478
479
478
477
477
477
477
477
477
477
478
477
476
476
476
476
476
475
475
485
484
483
482
481
480
479
476
476
475
475
475
475
475
475
475
475
475
475
474
474
475
475
476
476
476
476
477
477
477
477
477
477
477
478
478
478
478
477
477
477
477
479
483
490
498
509
522
538
556
577
602
628
657
688
720
753
788
823
857
887
911
927
934
933
922
901
871
832
786
736
686
635
588
546
510
481
456
437
424
416
412
412
416
422
430
439
447
454
460
465
468
470
471
471
470
468
466
465
463
462
462
462
462
463
462
462
462
462
462
462
463
464
465
466
467
468
469
470
470
471
472
473
474
475
476
478
479
480
480
480
481
481
481
482
483
484
485
486
487
488
489
491
491
492
493
494
495
497
498
499
500
501
502
503
504
505
506
507
508
510
511
512
513
515
516
518
519
520
521
523
525
527
529
531
532
534
536
537
539
541
543
545
547
550
552
553
555
556
558
559
560
562
564
566
567
574
576
577
578
579
580
581
582
583
583
582
582
580
579
579
578
575
574
573
572
564
563
561
560
558
557
555
553
540
537
535
533
531
528
526
524
510
507
505
503
493
491
489
487
485
484
482
481
475
474
473
473
472
472
472
472
471
471
471
472
472
473
473
473
474
474
475
476
476
476
477
477
479
479
480
480
481
481
480
480
481
482
482
482
482
482
482
482
483
483
483
482
482
482
482
482
482
482
481
481
481
481
482
482
480
480
480
480
480
480
480
480
478
478
478
478
477
477
477
477
477
477
477
477
477
477
477
478
477
478
478
477
478
478
478
478
478
477
477
477
478
479
479
480
479
480
480
480
481
482
482
482
484
485
486
486
491
491
491
491
491
492
493
495
509
513
517
520
529
530
530
529
525
525
525
524
523
521
519
516
506
505
504
503
502
500
498
496
488
487
486
485
481
480
480
479
480
480
480
481
481
481
481
481
482
482
482
483
483
483
483
484
484
485
486
489
534
550
569
591
735
768
803
836
867
893
912
922
836
793
747
698
495
470
449
433
423
418
417
419
453
459
464
468
471
470
469
467
466
465
464
464
466
467
468
468
472
472
473
473
474
474
475
476
480
481
481
482
487
488
490
491
493
494
495
496
500
501
502
503
508
509
510
511
519
520
522
523
524
526
527
529
538
539
540
542
549
551
553
555
557
559
561
562
570
572
574
575
580
581
582
583
583
584
585
586
585
584
584
583
583
582
581
580
580
579
579
578
572
570
568
567
560
558
556
553
550
547
545
542
531
528
526
523
510
508
506
503
493
491
490
489
484
483
483
482
481
480
479
479
479
479
479
478
478
478
478
478
479
479
479
480
480
480
481
481
481
482
482
481
483
483
484
484
483
483
484
484
485
485
486
486
485
485
486
486
486
485
485
485
486
486
486
487
486
485
485
485
486
485
485
485
484
484
485
485
485
485
485
485
485
484
484
484
484
484
484
484
485
485
484
484
483
483
482
482
482
483
483
483
483
483
483
484
484
484
484
485
486
486
487
487
488
488
488
488
490
490
490
489
487
488
488
488
491
492
492
493
494
495
497
498
501
502
502
503
512
515
518
521
524
528
531
534
541
541
540
538
532
530
528
525
523
520
518
516
509
509
508
506
498
496
495
493
492
490
489
488
486
486
486
487
489
489
489
489
489
490
490
490
487
486
486
487
490
491
491
492
495
499
505
513
593
618
646
676
837
865
889
906
871
836
794
747
523
491
464
442
426
417
414
415
453
461
467
471
478
477
477
476
475
474
473
472
472
472
473
474
474
475
477
478
482
483
483
484
488
489
491
493
494
495
495
496
499
500
501
502
509
511
512
513
514
516
517
518
520
521
523
524
533
534
536
537
544
545
547
548
556
558
560
562
564
566
568
569
577
579
581
583
586
588
589
590
593
593
593
593
595
594
594
595
595
596
596
596
595
594
594
593
585
583
582
580
579
578
577
577
570
567
565
562
548
545
542
538
535
532
530
527
516
515
513
512
501
499
498
497
495
494
492
491
486
486
485
485
484
484
484
485
487
487
487
487
487
486
485
485
487
488
488
487
487
488
488
489
489
489
489
489
491
491
492
492
489
489
490
490
490
491
492
492
490
489
489
488
490
489
488
487
487
487
487
488
489
488
488
487
482
482
483
483
483
484
484
484
488
488
488
488
484
485
485
486
484
484
483
483
483
483
484
484
484
484
484
484
485
485
485
485
485
485
485
485
487
486
486
486
487
488
488
489
489
490
490
490
494
494
495
496
505
508
512
516
519
523
526
528
530
530
530
530
526
524
521
519
509
508
506
505
503
502
500
499
491
489
487
486
480
480
480
481
481
480
480
479
478
479
479
479
481
481
481
482
482
482
483
483
483
483
484
486
516
528
543
561
583
608
635
664
825
854
880
901
890
858
818
772
722
671
621
573
410
397
391
391
430
438
446
452
458
462
464
466
465
465
464
464
463
463
463
464
468
469
469
469
470
470
470
471
475
476
476
477
481
482
483
484
485
486
487
488
493
495
495
496
502
504
506
507
509
510
511
513
518
519
521
523
531
532
534
536
537
539
541
543
554
555
557
558
568
570
571
573
574
575
576
577
584
584
584
584
585
585
585
585
583
583
583
583
582
581
580
579
572
571
569
568
561
559
556
554
551
549
547
545
531
528
525
522
510
507
504
502
499
497
495
493
485
484
482
481
476
475
475
475
474
474
474
473
472
472
472
472
473
473
473
473
474
475
475
475
475
475
475
475
477
477
477
476
478
478
479
479
479
479
479
479
480
481
481
481
480
480
481
481
481
481
481
481
479
479
479
479
478
477
477
477
477
477
477
477
496
495
494
492
490
488
486
84
483
482
481
480
480
479
479
478
477
476
475
475
475
475
476
477
477
478
479
479
479
478
478
478
478
478
478
478
479
479
480
480
480
480
480
480
480
480
480
480
480
480
481
483
486
490
497
506
517
531
548
568
590
616
643
672
703
735
769
805
840
872
900
921
934
937
931
916
890
856
814
766
716
666
617
571
530
496
467
444
427
417
412
411
413
419
426
435
443
452
458
463
467
468
469
469
468
467
466
464
463
462
461
460
459
459
459
459
460
460
461
462
463
463
464
464
465
466
467
468
469
469
469
470
470
470
471
471
472
473
475
476
477
479
480
481
482
483
484
485
486
487
489
490
491
491
492
493
493
494
494
495
496
496
498
499
501
502
504
505
506
508
510
511
513
515
516
518
519
520
522
523
525
526
528
530
531
534
536
538
540
541
543
544
546
548
550
552
563
564
566
567
568
570
572
574
581
582
583
584
589
589
589
589
589
588
587
587
585
584
583
583
578
577
576
575
574
573
572
570
562
561
559
557
543
540
537
534
531
529
526
524
510
508
506
504
495
493
491
489
480
479
478
476
475
474
473
473
474
474
474
473
472
472
473
473
473
474
474
475
475
476
476
477
477
477
477
478
480
480
481
481
481
480
480
480
482
482
482
482
481
481
480
480
481
481
481
482
482
482
482
483
481
480
480
480
480
480
480
480
479
479
480
480
479
479
478
478
477
477
478
478
477
477
476
476
476
476
476
476
476
477
477
478
478
478
477
477
476
476
476
476
476
476
477
477
477
477
477
477
478
478
478
478
479
479
480
480
480
480
480
480
481
481
482
482
482
482
482
482
487
487
488
489
493
494
495
496
507
510
514
517
520
522
524
525
525
525
524
523
520
519
517
514
512
510
508
507
499
497
495
493
487
486
485
484
483
481
480
479
478
479
479
479
479
479
479
479
479
479
478
478
481
481
482
482
480
480
481
483
488
495
503
514
608
634
664
695
862
891
913
928
933
930
917
895
678
630
584
544
426
418
414
415
450
457
463
467
469
470
469
468
463
462
462
462
462
462
463
463
464
464
465
465
467
467
469
470
475
475
476
477
478
478
479
480
486
487
488
489
494
496
496
497
498
498
499
500
508
509
510
511
517
519
521
523
531
533
535
537
547
549
551
552
553
555
556
558
568
570
572
574
579
580
582
583
584
584
584
585
585
585
585
585
584
583
583
582
579
579
578
577
570
569
568
567
566
565
563
561
550
548
545
543
530
527
525
522
519
517
514
512
499
497
495
493
487
485
484
482
481
480
478
478
472
472
472
472
472
472
472
472
473
473
474
475
475
476
476
477
477
477
477
477
479
479
479
479
479
479
479
480
482
481
481
481
482
483
483
483
484
483
483
483
484
484
484
484
482
482
482
483
483
483
483
483
482
482
482
482
481
480
480
480
482
482
481
481
481
480
480
479
480
480
480
480
479
479
479
478
478
477
477
477
478
479
480
480
479
479
479
480
480
480
480
479
479
479
480
480
483
482
482
482
482
482
482
482
483
483
484
484
484
485
485
485
486
486
486
486
487
488
488
488
492
493
495
496
496
497
497
498
507
511
515
519
530
531
532
532
532
531
530
528
527
526
525
523
513
511
510
508
501
499
498
496
494
493
492
491
486
485
484
484
483
483
484
484
484
484
484
485
486
487
488
488
486
486
485
485
485
485
486
487
509
519
531
547
671
702
734
766
800
833
863
889
904
879
846
804
571
533
501
475
453
437
426
421
443
451
459
465
478
477
477
476
471
471
470
470
469
469
470
470
473
473
474
475
479
480
480
481
481
482
483
484
489
490
490
491
497
498
500
501
502
502
503
504
509
510
511
512
520
522
523
526
528
530
531
532
535
537
539
541
551
553
555
557
566
568
569
571
573
574
576
578
587
588
590
590
592
593
593
594
595
594
594
594
594
594
594
593
588
587
585
584
584
584
584
584
578
576
574
571
558
555
552
549
547
544
541
539
526
524
521
519
507
505
503
500
498
496
494
492
488
487
487
486
481
480
480
480
482
482
482
483
483
484
484
485
485
485
484
484
485
485
485
485
487
487
487
487
487
487
487
487
490
491
491
491
490
489
488
486
487
489
490
490
488
488
487
487
487
487
488
488
489
489
489
488
488
488
488
487
487
486
485
484
482
483
483
483
482
481
480
479
480
481
481
482
483
484
484
484
485
484
484
483
481
481
481
482
482
482
482
482
483
484
485
486
485
484
484
483
483
483
483
483
484
484
484
484
483
484
485
486
486
487
487
487
489
490
491
491
494
495
496
498
498
499
499
500
506
509
513
516
530
531
531
532
531
531
530
530
529
527
525
522
511
510
509
507
499
497
496
494
489
488
487
487
486
485
485
484
479
479
480
481
483
484
485
485
481
481
481
482
485
485
486
486
486
486
486
488
516
527
540
558
692
725
759
793
826
857
884
907
908
879
841
796
550
510
475
446
423
407
399
396
432
440
447
454
468
468
468
467
464
463
462
461
464
465
465
466
467
468
469
470
475
476
476
477
478
478
479
479
485
485
486
487
491
492
494
495
498
499
500
501
503
505
507
508
515
516
517
518
520
521
522
524
529
531
532
533
543
544
546
548
558
560
562
564
565
566
567
568
575
577
578
580
583
584
584
584
584
584
585
585
584
584
584
584
580
579
577
576
575
573
572
571
562
560
558
557
547
544
541
539
536
532
529
527
514
511
508
505
494
492
490
488
487
484
482
481
475
475
474
473
470
470
470
470
471
471
471
471
471
472
472
473
478
477
477
477
477
477
477
478
479
479
480
481
481
481
481
480
480
480
480
481
482
483
484
485
485
486
486
486
487
488
488
489
489
490
491
491
492
494
495
497
500
503
507
511
515
519
521
523
525
526
526
526
526
526
526
525
525
525
524
523
522
521
519
518
515
513
511
510
508
507
505
503
502
500
499
497
495
494
492
491
489
487
486
485
484
483
481
480
479
479
479
478
479
479
478
478
478
478
478
478
479
479
480
480
480
481
481
481
481
481
480
480
480
480
480
480
481
481
480
481
481
481
481
483
486
491
497
505
515
528
543
561
582
605
631
660
690
722
755
790
825
858
888
911
927
935
933
922
901
871
832
786
737
686
636
588
545
508
477
451
431
418
410
407
408
412
418
426
435
445
453
460
464
467
468
468
467
466
465
463
462
462
461
461
461
460
460
460
459
459
460
460
461
462
463
463
464
464
465
465
466
467
468
470
473
474
475
476
481
483
484
485
486
487
487
488
493
494
495
495
501
502
503
505
513
514
515
516
518
519
521
523
531
533
534
536
538
540
542
544
553
555
556
558
568
570
572
574
575
576
578
579
587
588
588
589
591
591
591
591
588
588
587
587
586
585
584
583
577
576
574
573
564
562
560
557
555
552
550
548
534
531
527
524
511
508
506
503
500
498
495
494
485
483
482
480
474
473
472
472
472
471
471
470
469
469
469
469
469
469
469
469
470
470
471
472
474
474
474
474
477
477
477
477
477
477
478
479
479
479
479
479
480
480
481
481
479
479
480
480
481
481
482
482
482
482
483
483
481
481
481
481
481
481
481
480
480
480
480
480
481
481
481
480
480
480
480
479
479
479
479
478
479
479
479
479
478
478
478
478
480
480
480
480
478
479
479
480
480
480
481
480
479
479
480
480
481
481
481
481
484
484
485
485
485
485
486
487
488
488
489
490
494
494
495
496
496
496
496
497
510
514
518
521
529
530
530
530
530
530
529
529
525
523
520
518
509
507
506
504
503
501
500
498
490
488
487
486
483
483
483
482
481
481
482
482
483
483
484
484
483
483
484
484
484
484
484
484
484
485
487
491
537
554
573
595
743
777
813
848
941
935
919
893
858
816
768
718
503
475
453
436
424
418
415
417
454
461
466
470
471
469
468
467
466
465
464
464
464
464
465
466
468
469
470
470
471
472
473
473
476
477
478
479
485
486
487
488
493
494
495
496
497
498
498
500
507
509
510
512
517
518
520
522
531
532
534
536
537
539
541
542
553
554
556
557
559
560
562
564
573
574
576
577
585
586
587
588
589
589
590
591
593
593
593
592
588
588
588
588
582
580
579
577
576
575
574
573
562
560
558
555
542
538
535
533
530
527
524
522
509
507
504
502
492
490
489
487
486
484
483
481
476
476
475
475
472
472
472
472
472
472
472
472
472
472
473
474
475
475
475
475
478
478
478
478
479
479
479
479
481
481
481
481
481
481
481
481
483
484
483
483
484
484
484
484
484
484
483
483
485
485
485
485
484
483
484
484
484
484
484
483
483
484
484
484
482
482
482
482
484
484
483
483
483
482
482
482
482
482
481
481
482
482
482
483
482
482
482
481
481
482
482
482
482
482
481
481
481
481
482
482
483
483
483
483
484
484
484
484
484
484
484
484
485
485
485
485
487
488
488
488
491
492
493
494
496
497
497
497
500
501
503
506
523
526
527
529
530
531
532
532
533
532
531
530
521
519
516
514
513
512
511
510
504
502
500
498
491
490
489
489
488
487
487
486
485
485
484
484
484
484
484
485
485
485
485
485
485
485
486
486
490
494
499
507
584
608
634
663
693
724
757
792
927
933
930
918
732
682
635
590
550
516
487
464
424
428
434
442
474
476
477
478
477
476
474
473
468
468
469
469
470
470
470
470
471
472
473
474
479
479
479
480
481
483
484
486
488
489
491
493
498
499
499
499
504
505
506
507
510
512
514
516
518
520
522
524
531
532
534
535
543
545
547
549
560
561
563
564
566
568
570
572
582
584
586
587
589
590
591
592
597
597
598
598
595
595
595
595
595
594
594
593
591
591
591
590
584
582
581
578
576
574
572
570
560
557
555
553
536
533
530
527
513
511
508
506
504
502
500
498
490
489
489
488
484
483
483
482
482
482
482
481
480
480
481
481
481
481
481
482
482
482
483
483
486
487
487
487
490
490
491
491
492
491
491
491
488
487
487
487
488
489
489
489
489
489
489
489
488
488
489
490
489
489
489
489
489
489
489
489
488
488
488
488
490
489
488
487
487
486
487
487
483
482
482
482
483
484
484
484
484
483
484
484
485
486
487
487
486
486
486
486
486
487
487
488
489
489
489
488
483
483
484
484
489
489
488
487
487
486
486
486
487
487
488
488
492
493
494
495
496
498
499
500
506
507
509
511
523
525
527
529
535
535
534
534
529
528
527
524
522
519
516
514
508
507
505
503
501
499
496
493
491
491
490
489
484
484
485
484
484
485
485
485
488
488
487
487
487
487
487
487
488
489
489
489
498
504
511
521
617
645
675
707
869
895
915
929
935
934
923
902
687
637
589
546
409
402
400
404
411
419
427
435
466
470
471
473
471
470
469
469
469
469
469
469
467
467
468
469
476
477
478
478
479
480
481
482
486
487
488
489
493
494
494
495
496
497
497
498
503
504
505
507
514
515
517
518
519
521
522
523
531
533
535
537
544
545
547
548
558
560
563
564
573
574
576
578
580
582
583
585
588
589
590
591
592
593
593
593
591
591
591
590
587
587
587
586
585
584
582
580
572
570
568
567
556
553
550
548
474
474
474
474
473
473
473
472
472
472
472
472
472
472
472
471
471
471
471
471
471
472
472
472
472
473
473
473
473
473
473
473
473
473
473
474
474
474
473
473
473
472
472
471
471
471
471
471
472
472
472
472
472
472
472
472
472
472
472
473
473
473
473
474
474
475
475
476
477
478
479
479
479
479
479
480
480
481
481
482
483
484
484
485
485
485
485
486
487
488
490
492
495
499
502
506
509
512
514
516
518
519
520
521
522
522
522
522
522
521
521
520
519
518
517
515
513
511
509
507
505
503
501
500
498
497
496
494
493
491
489
488
486
485
483
482
481
481
480
479
478
477
476
475
475
475
475
476
476
477
477
477
477
477
477
477
477
477
477
477
477
477
477
478
477
477
478
478
479
479
479
480
480
480
479
480
481
483
489
496
505
517
531
548
569
592
617
644
674
705
736
769
803
836
868
894
909
884
850
808
566
525
490
460
404
407
413
421
429
438
446
454
467
467
466
465
461
461
461
461
462
462
462
463
467
468
468
469
471
471
472
473
473
474
475
475
481
482
483
484
489
490
491
491
492
493
494
496
504
505
506
507
514
515
517
519
520
521
522
524
532
533
535
537
547
549
550
552
554
557
559
561
570
572
575
577
586
587
589
590
591
592
593
594
597
596
596
596
593
593
592
591
590
589
588
587
584
582
581
579
569
567
565
563
550
548
544
542
539
536
533
529
515
512
510
507
495
493
491
489
488
486
484
483
477
476
475
474
473
473
473
473
474
474
474
474
474
474
474
474
475
475
476
477
478
478
478
479
479
479
479
480
481
481
481
481
481
481
481
481
482
482
483
483
483
483
483
482
482
482
483
483
483
484
484
483
482
482
482
482
481
481
481
481
481
481
481
481
479
479
479
479
480
480
480
480
480
480
480
481
481
481
480
480
480
481
481
481
480
480
479
479
480
480
480
480
481
482
482
482
482
482
482
482
482
482
483
483
485
485
486
487
492
492
493
492
493
493
494
495
511
515
518
521
528
528
528
528
528
527
527
526
522
520
518
515
506
505
504
503
502
501
499
497
488
487
486
485
483
482
482
482
482
482
482
482
481
480
480
480
482
483
483
482
482
482
482
482
482
482
484
487
534
552
572
596
744
779
814
850
883
911
931
943
860
817
768
718
501
474
451
434
423
416
414
416
454
460
465
468
468
466
465
463
462
461
460
460
461
461
461
462
467
468
468
469
470
471
471
472
476
477
478
479
485
485
486
487
493
493
494
495
496
497
498
499
505
506
507
508
514
515
516
518
520
522
524
525
534
536
538
540
549
551
553
556
558
560
561
563
570
572
574
576
584
585
586
586
591
591
591
591
591
590
590
590
587
587
586
585
584
583
582
581
575
574
572
571
561
560
558
555
553
550
547
544
530
527
524
521
508
505
503
501
498
496
494
492
484
482
480
479
475
474
473
473
471
471
471
471
473
474
474
474
474
475
475
475
475
476
476
476
476
476
476
476
478
478
479
479
479
479
480
480
480
480
480
481
479
480
480
480
480
480
481
481
481
481
482
482
483
483
482
483
484
485
485
484
484
483
483
483
482
481
481
480
480
481
481
480
480
479
479
478
479
479
479
479
478
478
479
479
479
479
479
479
479
479
479
479
480
480
480
480
480
480
480
480
480
480
481
481
480
480
481
482
483
484
484
485
485
486
487
487
490
491
492
492
499
501
504
507
510
513
517
520
528
528
529
529
527
526
525
524
513
511
509
508
500
499
497
496
495
494
492
491
484
483
482
482
481
481
481
480
479
479
479
479
480
480
481
481
481
481
482
482
481
482
482
482
492
499
508
518
531
548
566
589
733
767
802
836
929
923
907
883
849
808
762
712
502
475
453
435
420
426
434
443
469
470
470
469
463
463
463
463
463
463
464
464
467
468
468
469
469
470
470
471
476
477
478
479
483
484
485
486
487
488
489
490
493
494
495
496
502
503
504
505
506
508
509
510
516
518
520
522
529
531
532
533
541
543
545
547
549
551
552
554
561
563
565
567
575
577
578
580
581
583
584
585
587
587
587
587
586
586
585
585
585
584
583
582
576
575
574
572
565
564
562
561
559
556
554
552
541
538
535
532
517
514
512
509
507
505
502
500
490
488
486
485
476
475
474
473
473
472
472
471
468
468
468
468
471
471
471
471
472
472
473
473
473
474
474
474
475
476
476
476
477
476
476
476
476
476
477
477
477
478
478
478
480
480
480
480
481
480
480
480
479
478
478
478
480
480
479
478
478
477
478
478
479
478
478
477
477
477
477
477
477
477
478
478
478
478
478
478
475
474
474
474
475
475
475
476
477
476
476
476
477
476
476
475
476
476
476
476
476
477
477
478
478
478
478
477
478
478
478
478
479
480
481
481
482
483
484
485
487
489
491
493
495
496
498
499
512
514
517
519
525
525
524
524
522
521
521
520
511
508
506
503
496
496
495
493
482
480
479
477
476
475
475
474
472
472
472
472
473
473
473
473
474
475
475
476
471
471
471
472
474
475
477
479
510
522
536
554
575
599
627
657
820
850
876
895
908
913
909
896
700
649
601
555
406
395
390
391
396
404
413
422
455
459
461
463
462
462
461
461
460
460
459
459
461
461
462
463
465
465
466
467
467
468
469
471
479
480
481
481
483
485
486
488
493
493
494
495
498
499
501
502
504
506
508
510
516
518
520
521
523
525
527
528
538
539
541
542
551
552
554
556
557
558
559
560
571
574
576
577
585
585
585
586
586
587
588
589
590
589
588
587
587
587
586
586
582
580
578
576
478
478
478
479
479
479
479
479
478
477
477
476
475
475
474
474
474
473
473
473
473
473
473
473
474
474
474
474
474
474
474
474
474
474
473
473
473
472
472
471
471
470
471
471
472
472
473
473
473
473
473
472
472
471
471
471
471
471
471
471
471
471
471
471
471
472
473
473
474
474
474
475
475
475
475
476
476
476
477
477
478
479
481
481
482
482
482
482
482
483
483
484
486
488
490
493
496
499
502
505
509
512
515
517
519
520
521
520
520
520
520
519
518
517
517
516
515
513
511
508
506
503
501
499
498
497
496
494
492
491
489
487
485
484
482
480
479
478
477
475
474
473
472
471
471
471
471
472
471
471
471
471
470
470
470
470
469
469
469
469
470
470
471
472
472
472
473
473
473
473
473
473
473
474
474
474
474
474
476
478
482
487
495
504
515
529
546
567
590
616
644
674
705
737
770
802
917
919
912
895
690
640
591
545
504
469
439
416
397
404
413
422
430
438
445
451
461
461
460
459
455
456
456
456
459
460
461
462
463
464
465
466
470
470
471
472
476
477
478
479
480
481
482
483
488
489
490
492
498
499
500
501
502
503
505
506
512
514
516
517
526
528
529
530
532
533
534
535
546
548
550
552
560
562
563
566
576
578
580
581
587
589
589
590
590
590
591
591
592
592
591
590
589
588
588
587
583
582
581
579
572
570
569
567
564
562
560
558
544
541
538
535
521
518
515
513
510
508
506
504
493
491
489
487
480
479
478
477
476
475
474
474
473
472
472
471
472
473
473
473
475
475
476
477
478
478
479
479
479
479
480
480
481
481
481
481
481
481
481
481
481
481
482
482
483
483
483
483
483
482
482
482
483
482
482
481
481
481
481
480
480
480
480
480
480
480
480
481
480
480
479
479
479
479
479
479
478
478
478
478
478
478
478
478
479
479
478
478
478
478
479
479
481
481
481
481
481
481
481
481
481
481
482
482
482
483
484
485
486
487
488
489
490
491
492
492
498
501
504
508
524
526
528
528
528
529
529
529
526
525
524
522
513
512
510
509
507
506
504
503
494
492
490
488
482
481
480
480
479
479
479
479
479
479
480
480
480
480
480
480
480
480
481
481
481
481
480
480
493
501
510
522
625
654
685
717
752
788
825
861
951
943
925
897
662
613
567
528
419
414
413
416
421
429
438
446
470
470
470
469
464
463
463
462
462
462
462
463
466
467
467
468
472
473
474
475
476
476
477
477
482
482
483
484
489
491
492
494
495
497
498
499
503
504
506
507
513
514
515
516
523
525
527
529
531
532
534
535
545
547
549
551
552
554
556
558
567
569
571
572
581
583
584
586
587
588
589
590
594
594
595
595
592
592
591
590
590
590
589
588
583
581
580
579
573
571
568
566
553
551
548
546
532
529
526
523
521
518
515
513
500
497
495
494
492
491
489
487
480
479
479
478
476
476
476
475
475
475
475
475
477
477
477
477
478
478
478
477
477
477
478
479
481
481
480
480
481
482
483
483
484
484
484
484
484
485
485
485
485
485
486
486
486
486
486
486
485
485
485
486
486
486
485
485
485
485
485
486
486
486
486
486
485
484
483
483
483
483
483
483
483
482
482
482
481
481
481
482
481
481
481
481
481
481
481
481
482
482
482
482
482
482
481
480
480
480
480
480
482
482
483
483
487
488
488
488
490
491
491
492
494
495
496
497
499
501
504
507
524
526
528
529
532
531
531
530
529
529
527
527
518
516
514
512
510
509
507
506
497
496
494
492
487
486
485
485
484
484
484
483
484
484
484
484
484
484
484
484
484
485
485
485
484
484
484
484
488
493
500
509
595
620
648
677
846
878
906
927
938
941
934
918
718
668
620
577
441
429
422
419
420
424
431
439
468
470
470
470
469
468
467
466
460
460
460
461
465
465
466
466
466
467
468
469
472
472
473
473
478
479
480
481
485
486
487
488
490
491
492
493
499
500
502
503
510
512
513
514
516
517
519
520
527
528
530
531
539
540
542
544
545
547
548
550
559
561
563
565
572
574
575
577
578
579
580
581
585
585
585
585
585
584
584
583
583
582
581
581
576
575
575
574
568
566
564
562
560
558
556
554
543
541
538
535
522
520
517
514
511
508
506
503
493
491
488
486
478
477
477
476
473
473
472
472
471
471
471
471
469
468
468
468
469
470
471
471
472
473
474
474
476
476
475
476
477
477
478
478
477
477
477
477
479
480
480
480
480
480
480
481
480
480
480
480
478
479
479
480
479
479
479
479
479
480
480
479
477
477
477
478
478
477
477
476
476
476
476
476
476
476
476
476
477
477
478
478
477
476
476
476
476
476
476
476
476
477
477
478
477
476
476
476
476
476
477
477
478
478
478
479
483
484
484
484
483
483
482
482
482
482
483
483
487
488
489
490
493
493
494
495
496
497
500
503
521
524
526
527
530
530
530
529
529
527
526
525
516
514
512
510
502
501
499
496
488
488
487
487
486
485
483
483
480
480
480
480
479
479
479
479
483
483
483
483
482
482
482
482
482
481
481
481
487
491
497
506
586
611
639
670
702
735
769
804
920
923
916
900
698
649
602
559
521
489
462
440
413
420
428
437
472
475
476
476
470
469
467
466
468
470
470
471
471
472
473
474
478
478
478
478
478
479
479
481
487
488
489
489
494
496
497
498
499
500
500
501
505
507
508
509
513
515
518
520
529
529
530
532
533
534
536
537
545
546
547
548
559
562
564
566
568
569
571
573
579
580
581
583
592
594
595
597
598
598
599
599
598
598
597
597
593
593
592
591
590
590
589
588
488
489
490
491
490
490
489
488
487
487
486
485
485
485
486
486
487
487
487
486
486
486
486
486
486
485
484
483
483
483
482
482
482
482
483
483
484
484
483
483
483
483
483
483
483
482
482
482
482
482
482
483
484
485
486
487
487
487
486
485
484
483
483
482
483
483
483
482
482
482
482
482
482
482
482
482
482
483
484
486
487
489
490
490
490
489
488
488
488
488
489
489
490
490
491
493
495
498
500
502
503
505
507
510
512
515
519
522
524
525
526
526
527
528
529
530
531
532
533
533
533
532
529
526
523
520
517
515
512
510
508
506
505
504
503
503
503
503
502
501
500
497
495
493
492
490
489
487
485
484
483
482
481
480
480
480
480
480
481
481
481
481
482
482
482
483
484
484
484
484
484
483
483
483
483
484
484
484
485
485
486
487
488
489
490
492
495
499
505
512
522
534
548
566
589
614
771
804
838
870
899
923
941
952
861
816
766
715
489
458
433
415
403
399
401
406
444
451
456
461
469
468
467
466
465
464
463
462
463
464
465
465
469
469
470
470
473
474
475
476
483
483
483
483
484
485
486
487
494
495
497
497
498
498
499
500
505
506
507
507
514
516
518
520
522
524
526
527
535
537
539
540
547
548
550
552
554
557
559
561
568
569
571
572
581
582
583
585
586
587
587
587
585
585
584
584
583
583
583
583
580
578
577
576
574
573
572
571
561
559
557
554
540
538
535
532
529
525
521
518
505
502
500
497
486
484
482
480
478
476
475
473
467
466
465
465
466
466
466
466
466
466
466
467
467
466
466
466
468
469
470
470
470
470
470
470
470
471
472
472
473
472
472
472
472
472
471
471
470
470
470
470
471
472
472
472
472
472
471
471
471
471
471
471
469
469
469
469
469
469
468
468
468
467
467
466
466
466
466
466
465
465
465
465
465
464
465
465
465
465
465
465
466
466
466
466
467
467
467
467
467
467
467
467
468
468
468
469
469
469
470
470
473
473
473
474
481
484
487
490
506
508
509
510
510
511
511
511
508
508
507
506
495
493
492
490
489
487
485
484
475
474
472
471
465
464
463
463
464
464
463
463
464
464
464
464
464
464
464
464
464
465
465
465
467
467
467
467
479
488
498
510
614
643
673
705
738
773
808
841
921
912
892
863
626
576
531
492
458
431
410
395
397
405
414
423
449
450
450
449
445
444
443
443
443
443
443
444
448
448
449
449
450
450
451
451
458
459
459
460
465
466
467
468
468
469
469
470
475
477
478
479
483
485
486
488
489
490
492
493
500
502
503
505
513
514
516
517
526
528
530
532
534
536
538
539
548
550
552
554
563
565
566
568
573
574
574
575
575
575
575
575
573
573
573
572
571
571
570
569
565
564
563
562
555
553
551
548
546
543
541
538
525
523
520
517
503
501
498
496
493
490
488
485
475
474
472
471
463
462
461
460
459
459
459
458
458
458
458
458
459
460
459
459
461
461
462
462
462
462
463
463
465
466
466
466
465
465
465
466
466
466
467
468
469
469
469
469
467
467
467
467
467
467
468
468
467
467
466
467
466
466
466
466
466
466
467
467
465
465
465
465
464
464
465
465
465
465
465
465
464
464
464
463
462
461
461
461
462
463
463
464
462
461
461
462
462
462
462
462
462
463
463
463
463
463
464
464
468
468
468
469
471
473
474
474
474
474
474
474
484
488
492
496
508
509
510
512
512
512
512
511
505
504
502
500
491
490
488
487
480
478
475
473
471
470
469
468
464
463
463
462
463
464
464
464
464
464
464
464
464
464
464
465
466
466
466
466
466
466
467
467
497
509
525
542
670
702
735
771
809
846
880
908
915
888
851
807
559
520
488
460
401
403
408
415
423
431
439
445
456
455
455
454
449
449
448
448
447
448
448
448
452
453
454
455
460
460
461
461
462
463
464
465
471
472
473
474
479
481
482
484
485
486
487
488
494
496
497
498
506
508
509
511
512
514
515
517
525
527
528
529
536
538
540
542
544
547
549
551
561
563
565
567
575
577
578
578
582
583
583
583
583
584
583
583
581
581
580
580
577
576
575
575
569
567
565
563
561
559
558
556
543
540
537
534
532
529
527
525
514
512
509
507
496
494
492
490
489
488
487
485
480
479
478
477
475
475
475
475
475
475
475
475
476
477
477
478
480
480
479
479
479
479
480
480
482
483
483
483
485
485
485
485
486
487
487
487
487
487
486
487
487
487
487
487
489
489
490
490
490
490
490
490
490
489
489
489
488
487
487
487
487
487
487
487
488
488
488
488
488
488
487
486
486
486
487
487
487
487
487
486
486
486
486
486
486
486
487
487
489
490
490
490
492
492
492
493
493
493
494
494
497
497
498
499
500
501
501
502
507
509
511
514
517
520
524
528
536
537
537
537
537
536
535
534
533
532
529
527
516
515
514
513
504
502
500
499
498
497
496
494
487
486
486
486
488
488
489
489
489
490
490
490
491
491
491
490
490
490
490
490
495
500
506
514
594
618
644
673
704
735
768
803
940
946
942
929
907
876
837
791
559
525
497
473
427
431
437
445
454
462
470
476
483
482
480
479
475
475
475
475
475
476
476
477
479
479
479
480
483
484
484
485
486
488
489
490
496
497
497
498
501
502
503
504
510
511
512
513
514
515
516
517
524
525
527
528
537
539
541
543
545
546
548
549
556
558
560
563
573
574
576
578
579
581
583
585
592
593
594
595
601
601
602
602
602
602
601
601
600
599
598
597
592
591
590
588
586
585
583
582
576
574
572
569
558
555
552
549
535
533
530
527
524
522
520
518
493
493
493
492
492
492
492
492
491
491
491
490
490
491
491
491
491
491
491
491
492
492
493
493
493
493
493
493
493
493
493
493
493
493
493
493
493
493
494
494
494
494
495
495
495
495
496
496
496
496
496
496
495
496
496
496
496
496
496
496
497
497
497
497
497
497
498
498
498
499
499
499
499
499
499
498
498
498
499
499
500
501
501
502
502
503
504
505
505
507
508
509
510
510
510
511
511
512
513
515
517
520
523
527
531
534
537
539
540
541
542
543
545
546
548
548
549
548
548
548
547
546
544
541
538
535
532
529
527
525
523
521
519
518
516
514
513
512
511
510
509
508
507
506
505
504
502
501
500
499
498
498
498
498
498
497
497
497
496
496
497
497
498
499
499
499
499
498
498
498
498
497
497
497
497
497
497
497
498
498
499
499
500
500
501
503
506
512
519
527
538
552
569
591
615
642
796
828
859
886
907
922
929
927
781
733
683
636
464
447
434
427
426
428
432
439
476
480
483
485
484
483
482
481
480
479
479
478
479
480
480
481
485
486
488
489
490
491
491
492
494
495
496
497
500
500
501
502
503
505
507
508
511
512
513
515
523
525
526
527
531
532
534
536
537
539
540
541
549
551
553
555
560
562
564
566
568
570
572
574
584
586
588
589
595
596
597
597
598
598
599
600
605
604
602
601
600
600
600
599
599
598
597
597
594
593
592
591
584
581
578
576
574
572
570
568
556
554
552
550
534
531
528
525
516
514
513
511
506
504
503
501
500
499
499
499
498
498
497
497
497
497
497
498
497
497
496
496
499
499
500
500
500
499
499
498
499
500
501
501
501
501
501
501
500
500
500
500
502
503
504
504
506
505
505
505
505
505
504
504
502
502
501
501
502
502
501
500
499
499
500
500
497
495
494
494
494
494
493
492
495
495
495
494
494
494
493
492
491
491
492
492
493
493
493
494
495
495
496
496
496
496
496
496
500
501
502
503
504
505
505
506
512
514
515
518
535
538
540
541
542
541
541
540
540
539
539
538
529
527
525
524
517
516
514
512
510
509
508
506
500
500
499
499
497
496
496
497
497
498
498
498
498
498
498
498
500
500
500
501
501
501
502
502
513
519
526
536
626
653
683
714
747
782
815
849
961
963
955
937
723
671
621
575
533
496
466
443
425
434
443
453
487
491
494
495
493
492
491
491
491
491
492
492
492
492
493
494
499
500
501
502
503
504
506
507
508
510
511
512
515
516
517
518
519
520
521
522
527
529
530
532
538
539
540
542
543
545
546
548
556
558
559
561
568
569
570
571
572
574
575
577
588
590
592
594
601
603
604
605
609
610
611
612
614
614
614
613
612
612
611
610
607
606
606
605
603
602
600
599
591
588
586
584
574
572
569
567
564
561
559
557
543
539
536
533
520
517
514
512
509
506
504
503
494
493
491
490
486
485
485
485
485
486
486
487
489
489
489
489
489
489
489
488
488
488
488
488
490
490
491
491
490
490
490
490
491
491
491
491
492
492
492
492
491
490
490
491
492
492
492
491
491
491
491
491
491
492
492
492
492
491
492
492
493
493
493
493
492
492
492
493
492
492
492
492
493
493
493
493
492
491
491
491
490
490
490
490
490
490
490
490
490
490
491
491
490
490
490
490
491
492
492
493
493
494
494
495
497
497
497
498
507
511
515
519
522
525
527
528
533
534
534
534
530
529
527
525
523
521
518
516
506
505
503
502
494
492
491
490
489
488
487
486
483
482
482
483
484
484
483
483
484
484
484
485
485
486
486
486
485
485
485
486
511
523
537
554
574
598
623
651
814
849
882
909
923
897
861
817
769
718
668
618
445
427
417
411
434
443
452
459
464
468
471
472
468
467
466
464
462
462
463
463
464
464
465
465
468
469
470
471
475
476
476
477
478
479
479
480
483
484
484
485
491
492
494
495
501
502
503
504
505
506
507
509
516
518
519
521
529
531
532
534
536
537
539
541
549
551
553
555
562
564
565
567
568
570
571
572
578
580
581
582
585
586
586
585
584
584
583
583
582
581
581
580
575
573
572
570
569
567
565
563
552
550
548
545
532
528
525
522
508
506
503
500
498
496
493
491
481
479
477
476
471
470
470
469
468
468
467
467
466
466
466
466
468
468
468
468
468
468
468
468
469
470
471
471
472
472
472
472
472
472
472
471
471
471
471
472
472
472
471
471
472
473
473
474
474
474
474
474
473
472
472
472
471
471
471
471
471
471
470
470
470
470
470
469
469
469
469
470
470
470
470
470
468
468
468
468
468
468
469
468
468
467
467
467
467
468
468
468
468
468
468
468
469
469
469
469
469
469
470
471
474
475
476
478
479
480
481
481
482
484
487
490
507
509
511
512
513
514
515
515
514
513
511
511
502
500
498
496
490
489
487
486
476
474
473
471
470
469
468
468
465
465
465
465
465
465
465
465
466
466
467
467
467
467
467
467
467
466
466
466
471
476
483
492
573
598
625
654
684
716
749
783
918
924
921
909
719
670
621
575
534
499
470
445
400
403
409
417
452
454
455
456
449
448
447
446
445
445
446
446
449
450
450
451
455
456
457
458
459
459
460
461
464
465
466
467
470
472
473
474
476
477
478
479
485
486
488
489
495
496
497
499
500
501
503
505
512
514
516
517
527
528
530
532
533
535
536
538
547
549
551
553
561
564
565
566
570
570
571
571
572
572
572
572
572
572
572
572
567
566
565
565
564
563
563
562
556
555
554
552
543
541
538
536
533
530
528
525
514
511
508
505
493
491
488
486
484
482
480
478
471
470
469
469
468
468
468
468
468
468
468
468
469
469
469
469
469
468
468
468
469
469
469
469
469
470
470
471
471
471
472
472
472
473
473
474
474
475
476
476
477
478
478
479
480
481
482
482
482
482
483
484
485
486
488
491
494
498
502
506
509
512
514
516
517
518
519
519
519
519
519
518
518
517
516
515
514
513
511
509
507
504
502
501
499
498
497
496
495
493
491
489
487
485
483
481
479
478
477
476
475
474
473
472
471
470
470
470
469
469
469
469
469
470
470
470
470
470
470
470
470
471
471
472
472
472
472
472
472
472
471
471
471
472
472
472
473
473
473
474
476
479
485
492
502
514
530
547
568
592
618
646
676
708
740
774
809
843
872
896
912
919
917
906
885
855
816
772
723
674
625
579
539
504
475
451
432
418
410
406
407
410
416
424
433
442
450
456
460
463
464
464
463
463
461
460
460
459
458
457
457
457
457
457
458
458
458
459
460
460
461
461
463
464
466
467
475
475
476
476
477
477
478
479
480
481
482
484
491
492
493
494
500
501
502
503
510
512
514
516
518
520
521
522
530
531
533
534
540
541
543
544
546
548
551
553
562
564
566
567
573
573
574
575
580
581
582
583
583
584
584
584
582
582
581
581
580
580
579
578
573
572
572
572
565
564
562
560
548
545
543
541
538
536
533
531
516
513
510
507
499
497
495
493
484
484
483
482
481
481
480
479
476
476
477
478
478
478
478
478
475
475
475
476
480
480
481
482
482
481
482
482
484
484
484
484
484
485
485
486
486
486
485
484
486
486
485
485
486
487
488
487
484
484
484
485
485
486
486
486
484
484
484
484
486
485
484
483
480
480
481
482
483
485
486
486
483
482
482
482
482
482
482
482
482
482
482
482
480
480
480
480
479
479
479
480
482
482
482
483
484
484
484
484
484
484
485
485
486
487
487
487
490
491
492
493
498
499
499
501
503
505
508
510
525
528
530
531
530
530
531
531
530
530
529
529
516
514
512
510
502
501
499
498
491
489
488
487
486
485
484
484
483
483
482
482
481
481
481
482
483
483
484
484
482
483
484
484
485
486
487
489
503
511
520
533
640
669
701
734
890
910
925
933
931
919
898
866
626
577
533
495
399
400
404
411
450
456
462
468
471
474
474
475
471
470
470
470
471
471
470
469
469
470
473
476
482
482
483
484
484
483
483
483
487
488
489
490
495
497
498
498
499
500
501
502
507
508
509
510
517
519
520
522
530
531
532
534
536
538
540
542
549
550
552
554
556
558
560
562
569
571
573
574
581
583
584
586
591
592
592
592
593
592
592
592
591
591
591
590
590
590
590
589
587
586
584
582
575
573
572
570
559
556
553
551
548
546
543
540
526
522
519
516
504
501
499
496
494
492
489
488
480
479
478
478
475
475
474
474
474
474
474
474
474
474
473
473
475
475
476
476
477
477
478
479
479
480
479
479
477
477
477
478
481
480
480
480
480
480
480
480
480
480
480
480
481
481
480
479
479
478
478
477
477
477
477
477
477
477
477
477
477
477
476
476
474
474
474
474
472
472
472
472
471
471
470
470
470
471
471
471
471
471
471
472
473
473
473
473
474
474
474
474
474
474
474
475
477
477
477
477
478
478
479
480
484
486
488
491
507
510
512
514
515
517
517
518
517
515
514
512
502
501
499
497
497
496
495
494
486
484
482
480
474
473
472
472
470
470
470
470
470
470
470
470
472
473
473
473
474
474
474
474
475
475
476
476
483
489
496
506
593
619
647
677
709
742
776
809
926
928
920
903
695
645
595
549
508
473
444
421
400
407
416
425
459
462
463
464
464
463
462
462
458
457
457
458
461
462
462
463
463
464
464
465
469
470
471
472
476
476
477
478
483
484
485
486
491
492
493
494
495
496
497
498
505
507
508
510
511
512
514
515
521
522
524
525
535
538
539
541
542
544
545
547
558
559
561
563
571
573
574
576
577
578
579
580
584
584
585
585
584
584
583
583
582
581
580
579
573
573
572
572
566
563
562
560
550
548
546
544
530
528
525
522
519
516
513
510
497
495
492
490
489
487
486
484
476
475
474
474
471
471
471
471
471
471
471
470
471
472
473
473
475
475
475
475
475
475
475
475
478
478
478
478
479
479
479
479
479
479
480
479
479
479
479
479
480
480
480
481
481
481
480
480
480
480
479
479
478
478
477
477
476
476
477
477
477
477
477
476
475
474
473
473
472
472
472
472
472
472
472
473
474
473
473
472
473
473
473
473
474
474
474
474
475
475
475
475
476
476
477
477
477
478
478
479
482
483
483
484
487
487
487
488
488
489
491
494
511
513
515
517
521
522
522
522
518
517
516
514
512
510
508
506
498
497
495
494
486
484
483
481
477
477
476
475
474
474
474
474
475
476
476
477
477
478
478
478
477
477
476
476
477
477
478
478
479
482
486
493
563
586
612
639
804
841
875
904
928
904
870
829
782
731
679
629
453
434
421
413
429
438
446
453
458
462
464
466
461
460
459
458
456
456
457
458
459
460
461
462
466
467
467
468
470
470
471
471
472
473
474
476
481
482
483
483
489
490
491
492
492
493
494
495
502
503
505
507
516
517
519
520
521
522
523
525
535
536
538
540
548
550
551
553
561
563
565
566
568
570
572
574
580
581
582
582
585
585
585
585
582
581
581
581
580
580
579
578
573
572
571
570
568
566
564
563
552
550
548
545
533
530
528
525
523
520
517
514
502
500
498
496
485
484
482
481
480
480
479
478
475
474
474
474
473
473
473
473
474
474
474
474
476
476
477
477
477
477
478
478
479
479
479
479
486
487
488
488
489
490
491
492
492
492
493
493
494
496
497
499
502
506
510
514
517
520
522
524
525
526
527
528
528
528
528
528
527
526
525
524
523
522
521
520
518
516
513
511
509
507
506
504
503
502
501
499
498
496
494
492
491
489
487
485
484
483
482
481
481
481
480
480
479
479
478
478
478
478
478
479
479
479
479
479
479
479
479
479
480
480
480
480
480
480
480
480
480
480
481
481
482
482
482
483
484
487
492
499
507
517
530
546
565
587
612
639
668
699
731
764
799
834
867
895
917
931
935
931
917
893
861
820
773
724
674
626
581
542
509
481
458
439
427
419
417
418
422
428
436
445
453
460
465
469
471
472
471
470
469
467
466
465
464
464
463
463
463
463
463
464
464
465
466
466
466
467
467
468
468
469
469
470
471
472
473
474
475
476
478
479
480
481
482
482
483
483
484
485
485
486
491
492
493
494
498
499
500
501
502
503
504
506
512
513
514
516
524
526
528
529
531
532
533
535
543
545
547
548
556
558
559
561
563
565
567
568
576
577
579
580
582
582
583
583
584
585
585
585
584
583
583
582
577
577
576
575
570
568
567
565
564
563
562
560
550
547
544
542
528
525
522
519
507
504
502
499
497
496
494
493
486
485
484
483
482
481
480
480
476
475
475
475
476
476
476
476
476
476
476
477
478
478
478
478
480
480
479
479
479
479
479
480
481
482
482
482
484
484
484
484
484
484
485
485
485
485
484
484
482
482
482
482
482
482
482
482
483
482
482
481
481
481
481
482
480
480
480
480
480
481
481
481
479
479
479
478
476
476
476
476
478
478
478
478
478
478
478
479
480
480
480
480
479
479
479
479
479
479
479
479
481
482
482
482
483
483
483
483
483
482
482
483
486
486
486
486
488
489
490
492
493
494
495
495
497
499
501
502
516
519
522
525
532
533
534
534
534
533
532
531
525
522
519
517
515
513
512
511
504
503
501
500
492
490
489
488
487
486
485
484
483
483
483
483
485
486
486
487
487
486
485
485
484
484
485
485
485
486
488
492
535
552
572
596
747
781
814
845
873
895
911
919
824
781
734
685
637
591
549
512
414
412
415
420
457
463
468
471
474
475
476
475
468
468
467
467
468
469
469
469
470
471
472
472
479
480
480
481
484
485
486
487
488
489
489
489
494
495
496
496
501
503
504
505
506
507
508
509
515
517
519
522
530
531
532
534
540
541
541
543
544
546
548
550
560
562
563
565
572
574
576
577
579
581
582
583
589
590
592
593
593
593
593
593
593
592
591
590
590
589
587
586
580
578
577
576
574
573
571
569
561
559
556
554
543
541
539
536
521
518
516
513
498
496
494
493
492
491
490
489
484
483
483
482
481
480
479
479
481
482
483
483
481
482
482
483
483
485
485
485
485
484
482
482
482
482
483
483
484
485
486
487
486
485
484
484
488
489
489
489
488
488
489
489
486
486
486
486
484
485
485
485
483
483
481
480
481
482
483
484
484
484
483
483
481
481
480
480
480
479
478
478
478
478
479
479
476
477
477
477
478
478
478
478
479
479
480
480
482
482
482
482
481
481
480
480
478
478
478
479
481
482
482
482
483
484
485
486
487
488
489
489
492
494
494
496
508
511
515
519
522
525
527
528
526
525
524
523
518
516
513
510
508
506
504
503
497
496
495
493
485
483
482
481
480
479
478
478
477
477
477
477
476
476
477
477
478
478
478
479
480
480
480
480
480
482
484
489
496
504
514
527
634
663
694
727
885
906
921
928
819
772
722
671
457
429
409
396
390
390
394
402
441
447
452
456
459
461
462
462
460
459
458
458
459
460
460
461
462
462
463
464
469
470
471
471
474
475
476
476
477
478
479
480
485
487
488
489
494
495
497
498
500
501
502
504
508
510
511
513
521
522
524
525
533
534
536
538
547
549
551
553
555
557
559
561
571
572
574
576
577
579
580
581
585
586
587
588
588
587
587
587
586
586
585
584
581
581
580
579
572
570
569
567
566
565
564
563
553
550
548
545
531
528
526
523
510
507
505
503
500
499
497
494
484
482
481
480
476
476
475
475
475
475
475
475
475
475
476
476
477
477
477
477
477
477
477
477
478
478
479
479
481
481
482
482
482
482
482
482
482
482
483
483
483
484
484
484
484
484
483
483
483
483
483
483
482
482
482
481
481
481
481
481
479
478
478
478
478
477
477
477
477
477
478
478
478
478
478
477
477
477
477
477
478
478
478
478
476
476
476
476
476
476
476
476
478
478
477
478
479
479
479
479
479
479
479
479
479
479
479
480
480
481
481
482
486
487
488
489
493
495
497
500
503
507
511
514
525
525
526
526
525
525
525
524
514
512
509
507
506
505
504
503
493
491
490
488
483
483
482
481
480
479
478
477
476
476
477
477
479
479
479
479
479
479
479
479
480
480
480
480
485
490
497
506
517
531
548
567
704
737
772
808
940
945
940
926
901
868
826
778
537
501
471
447
410
415
422
431
440
449
456
462
470
469
468
466
462
462
462
462
464
465
465
466
469
470
471
472
473
474
475
476
480
480
481
481
486
487
488
489
491
492
493
493
498
499
500
501
503
504
505
506
514
515
516
518
524
526
528
530
532
534
535
537
546
548
551
552
561
563
564
566
568
570
572
574
582
583
583
585
589
588
588
588
588
588
588
588
587
587
586
585
583
582
581
580
572
571
569
567
556
554
552
550
548
545
543
540
526
523
519
517
514
512
510
508
497
495
493
491
483
481
480
479
476
475
475
475
475
475
475
475
475
475
476
476
476
476
476
476
483
483
483
483
483
483
484
484
484
484
485
485
485
485
485
485
484
485
485
485
485
486
486
487
488
489
489
490
491
492
494
494
495
495
495
496
496
497
498
500
503
506
510
514
518
522
525
527
529
530
530
531
531
532
532
531
531
530
529
528
527
526
525
524
521
519
516
514
512
510
509
508
507
505
504
503
501
500
498
496
495
493
491
490
488
488
487
486
485
484
483
482
481
481
480
480
480
480
481
481
482
482
482
482
482
482
482
481
482
482
483
483
483
484
484
484
484
484
485
485
485
484
484
484
485
486
490
495
502
511
523
538
555
576
599
626
654
684
715
747
780
816
850
881
907
926
936
937
929
912
885
848
804
756
706
657
610
567
530
498
473
452
436
426
421
420
422
427
434
443
451
459
465
470
473
475
475
475
474
472
471
469
468
467
466
466
465
465
465
466
466
467
467
468
468
468
470
470
471
472
472
473
474
475
480
481
482
483
486
487
488
489
496
497
498
498
499
500
501
502
508
509
511
512
519
520
522
523
525
527
529
532
539
541
542
544
550
552
554
556
558
560
562
563
571
573
575
578
583
584
584
584
585
585
586
586
588
588
587
587
583
582
581
580
579
578
578
577
571
570
568
567
558
557
554
552
538
535
532
529
526
523
521
518
506
504
502
499
488
486
484
482
475
474
473
472
471
471
470
470
470
470
470
470
469
469
469
469
469
470
470
470
470
470
471
471
471
471
472
472
472
472
473
473
472
472
472
472
472
472
472
472
472
472
472
473
473
474
474
474
475
475
474
474
474
474
473
473
473
473
474
474
472
471
470
470
470
470
470
470
469
468
468
468
466
466
466
467
467
467
467
467
466
465
465
465
464
464
464
464
464
464
464
464
464
464
464
464
463
463
462
462
462
462
462
462
463
463
463
464
464
464
464
464
464
464
464
464
464
464
465
466
469
470
471
471
474
474
474
475
487
491
495
499
502
504
506
507
508
507
507
507
506
505
504
503
494
492
490
488
480
479
477
476
474
473
471
469
463
462
461
460
458
458
458
457
457
457
456
456
457
457
457
457
458
459
459
460
460
461
461
461
465
469
475
484
562
587
614
644
674
706
739
773
901
904
898
883
688
640
594
551
416
404
398
396
398
402
409
417
449
451
453
453
450
449
449
449
450
450
450
449
450
451
451
452
455
455
456
457
458
460
461
463
469
470
471
471
474
475
476
478
479
480
482
483
490
491
492
493
500
502
503
504
510
511
513
515
524
526
527
528
530
532
534
536
543
545
547
549
552
554
556
558
566
567
568
569
577
579
580
582
583
584
584
585
585
584
584
583
581
580
580
579
579
578
578
578
575
574
572
571
558
556
554
552
550
548
546
543
530
527
525
522
509
507
505
502
493
492
491
489
481
480
478
478
477
477
476
476
476
476
476
476
476
477
477
478
481
480
480
479
480
480
481
482
484
484
485
484
484
483
483
482
479
479
480
481
482
482
483
483
483
484
485
485
486
486
486
486
485
485
484
484
484
484
484
484
483
483
484
483
480
480
480
481
481
481
482
481
483
484
484
484
481
481
481
480
480
480
480
480
480
480
480
480
480
481
481
482
483
483
483
484
487
487
487
487
487
488
489
490
490
490
490
490
491
491
492
491
492
492
492
493
493
494
495
495
496
497
498
500
504
505
506
507
513
516
520
525
540
542
543
543
543
542
542
543
541
540
538
535
533
530
527
525
518
517
516
515
509
507
506
505
504
504
503
502
499
499
499
499
502
503
503
503
502
502
502
502
504
504
504
505
508
508
509
510
513
517
523
532
617
644
673
704
867
896
922
942
955
961
958
945
555
517
484
458
439
427
422
423
461
468
473
478
493
494
494
493
492
492
491
490
490
490
491
491
492
493
495
496
501
502
503
504
506
507
508
509
510
511
512
513
518
519
520
521
526
527
528
528
532
534
535
537
539
540
542
544
551
553
554
556
563
564
566
567
569
571
573
574
583
584
586
588
597
599
601
603
605
607
609
610
614
615
615
616
619
619
619
619
616
616
616
615
614
612
611
610
605
604
604
603
602
600
599
597
585
583
580
577
564
561
558
555
553
550
547
544
531
528
525
523
511
509
507
506
505
504
503
502
499
498
497
497
497
497
497
497
498
499
499
499
499
499
499
499
499
499
500
500
501
502
502
502
502
502
502
502
502
502
502
502
503
503
503
503
503
503
503
503
502
502
503
503
502
502
502
502
502
502
501
501
500
500
499
499
496
496
496
496
496
496
496
496
495
495
495
495
494
493
493
493
492
493
493
493
493
493
493
493
494
494
494
494
494
494
493
493
493
493
492
492
493
493
494
494
495
495
495
495
495
496
496
497
500
501
502
502
502
503
503
504
506
508
511
514
531
533
535
536
538
538
537
536
535
534
533
532
521
519
517
515
507
506
504
502
494
493
492
491
490
489
488
487
486
486
487
488
489
489
489
488
490
490
490
489
489
489
489
488
488
489
492
495
501
509
519
531
635
664
693
725
891
916
934
943
943
933
914
885
650
601
556
517
412
409
410
415
421
429
438
447
471
471
471
470
465
464
464
464
464
464
464
464
465
466
466
467
471
473
474
475
478
479
479
480
485
486
487
488
489
490
491
493
497
498
499
500
501
502
503
505
512
513
514
515
523
525
527
528
536
538
540
541
543
544
545
547
556
558
560
562
570
572
574
575
577
579
580
582
588
589
590
590
590
590
589
588
588
587
587
586
583
582
581
580
573
572
570
568
565
564
562
560
549
547
544
542
528
525
522
519
516
514
511
508
468
468
468
468
467
468
468
468
468
468
468
468
468
468
468
468
467
467
467
467
467
467
467
467
467
467
467
467
468
468
468
468
468
469
469
469
469
469
469
469
469
470
470
470
469
470
470
469
469
469
469
470
470
471
472
473
474
474
475
475
476
476
477
478
479
479
479
479
479
480
480
482
483
486
488
491
495
499
503
507
510
512
514
515
516
517
518
518
518
518
517
516
515
514
513
512
511
510
508
506
503
501
499
498
496
495
494
493
492
490
489
488
486
485
483
481
478
476
475
473
472
472
471
470
469
469
469
469
468
469
469
468
468
469
469
470
470
470
470
470
470
470
471
471
471
472
472
472
472
472
472
471
471
471
471
470
470
471
472
474
477
483
491
501
513
528
546
567
591
616
644
674
705
737
772
807
841
872
898
917
927
927
919
900
873
836
792
744
693
644
595
552
515
484
458
437
406
412
419
428
437
444
450
455
459
458
457
456
452
452
453
453
453
454
454
454
456
456
457
458
462
463
464
465
466
467
468
469
472
473
474
474
479
480
481
482
488
489
491
492
494
495
496
498
504
505
506
507
515
517
518
520
522
524
526
527
537
538
540
542
551
553
554
556
557
559
561
562
569
571
572
573
576
577
577
577
577
577
577
577
576
575
575
575
571
570
568
567
561
559
557
555
553
551
549
546
533
530
528
525
511
509
506
504
502
500
497
495
484
482
480
478
471
470
470
469
469
468
468
467
465
465
465
466
466
466
465
465
465
465
466
466
468
468
468
468
471
471
471
471
472
472
473
474
476
475
474
473
471
471
472
472
472
473
474
474
476
476
476
476
479
479
479
479
479
479
479
479
478
477
477
477
474
474
474
474
478
478
479
480
481
481
481
480
479
478
476
475
470
471
471
471
472
472
472
473
474
474
474
474
480
481
481
482
483
484
485
485
480
480
479
479
480
480
481
481
481
481
481
480
482
482
481
481
478
479
480
480
482
483
484
486
493
494
495
496
503
506
510
514
529
530
530
530
531
532
531
531
530
529
529
528
522
519
517
514
512
510
509
507
500
498
495
493
491
491
491
491
490
490
489
490
491
489
487
486
482
482
482
483
484
485
486
486
486
486
486
487
494
499
506
514
589
613
639
667
698
729
761
795
922
925
919
904
709
660
613
571
534
503
478
458
426
430
435
440
458
459
460
461
461
461
461
460
462
463
463
464
464
464
464
466
467
468
469
470
479
480
481
482
483
482
482
482
483
484
485
486
487
487
487
487
494
496
498
501
503
506
508
511
517
518
519
521
530
532
534
535
537
538
539
540
551
555
558
561
564
566
568
569
572
574
576
578
580
581
582
582
583
583
584
584
587
588
587
587
586
585
584
582
577
578
578
578
575
573
572
570
568
566
563
561
548
545
543
540
528
526
523
521
520
518
517
515
502
499
497
495
483
480
478
477
473
472
471
470
470
471
472
472
474
475
476
477
475
475
475
475
476
476
476
475
473
473
474
475
474
474
474
474
474
475
476
478
483
483
482
482
478
477
477
477
484
485
485
485
484
483
482
482
481
481
480
480
480
479
479
478
479
480
481
481
475
474
473
472
473
474
475
477
478
475
472
471
471
472
472
473
476
476
476
476
477
477
478
478
476
476
475
475
475
475
475
476
479
479
479
479
480
480
481
481
481
482
483
484
484
484
484
484
485
485
485
485
489
490
491
491
492
492
493
494
492
491
491
492
507
511
515
519
523
525
526
528
532
531
531
531
531
530
528
526
516
514
513
511
507
503
498
494
483
482
482
481
481
481
481
481
483
483
483
483
483
482
481
481
489
490
490
490
483
482
482
483
485
487
491
495
538
552
571
593
618
645
675
706
857
881
899
911
842
802
756
708
659
611
567
527
410
406
407
412
451
459
466
472
475
473
471
470
468
467
466
465
461
463
464
466
478
479
480
481
480
480
481
482
483
483
484
485
495
497
499
500
501
500
498
497
502
505
507
510
512
512
512
512
513
514
515
518
527
527
528
528
535
538
540
542
544
546
548
549
559
560
562
564
578
583
586
590
592
592
592
592
592
592
593
593
594
594
595
596
600
599
596
593
585
584
583
583
584
584
584
584
576
572
567
564
562
561
560
559
552
550
547
544
526
522
519
515
512
509
505
502
493
491
490
488
485
484
484
483
483
483
484
485
488
486
484
481
473
473
474
475
481
481
481
481
481
482
483
484
479
478
479
479
485
486
487
486
486
485
485
485
486
486
487
488
486
486
485
484
484
483
483
483
486
486
486
485
484
483
483
483
483
483
483
483
479
478
477
477
479
479
479
479
480
480
480
480
478
478
478
477
473
472
470
470
470
470
470
471
473
472
472
471
473
474
475
477
477
476
475
475
479
480
480
481
481
481
480
480
482
482
483
483
483
483
483
484
495
497
500
502
515
518
520
522
523
524
524
523
518
518
517
516
505
503
501
500
499
498
497
496
489
487
486
483
474
473
473
473
473
472
472
472
472
472
472
472
475
476
476
476
476
475
476
476
478
479
481
482
505
513
522
535
647
677
707
738
769
801
831
859
911
895
869
834
598
552
511
476
446
422
406
396
413
422
430
438
465
466
466
466
464
463
462
462
463
463
464
465
466
465
464
463
463
464
466
468
469
471
472
473
481
483
484
485
487
488
489
490
492
493
494
496
503
504
503
503
507
509
512
514
517
519
521
523
531
533
534
536
548
551
554
557
559
560
560
560
563
566
568
571
582
583
583
583
584
584
586
587
596
597
598
599
600
598
595
593
590
588
586
585
584
583
582
580
479
478
477
476
475
475
475
476
476
477
477
477
477
477
476
475
474
475
475
475
475
476
476
478
479
479
479
480
480
480
480
479
478
477
477
477
476
475
474
473
473
474
474
475
475
475
475
474
474
474
473
473
472
472
473
473
474
474
475
475
475
474
474
474
475
475
476
476
476
475
475
473
472
471
471
471
473
474
476
477
479
480
481
481
481
481
481
481
482
482
484
485
488
490
492
493
494
493
492
490
489
488
488
490
493
496
500
504
509
513
516
519
522
524
525
526
525
524
523
522
522
523
523
523
523
522
519
516
513
510
507
504
501
499
498
497
497
497
497
498
499
499
498
497
495
492
489
485
481
479
477
477
476
476
476
476
476
475
474
473
472
472
472
472
471
471
471
471
471
471
472
472
473
474
475
475
476
476
477
477
478
478
478
478
478
478
478
479
482
486
491
499
509
520
535
553
573
596
621
649
816
851
884
911
930
905
870
827
570
529
495
467
412
415
420
428
436
444
452
460
471
469
465
462
459
457
456
456
457
459
461
462
465
465
465
465
465
467
468
470
475
474
474
474
479
480
480
480
487
489
490
492
493
494
496
497
504
505
507
507
507
508
509
510
512
514
516
518
530
533
535
537
542
543
544
546
548
550
553
555
566
567
569
571
580
582
584
585
588
589
591
591
591
591
591
590
588
587
587
586
584
584
585
584
584
583
581
579
566
564
561
558
555
552
548
545
529
526
524
521
510
508
505
503
501
500
498
496
485
484
482
482
478
477
477
476
475
474
473
472
471
470
469
468
464
465
466
467
473
473
472
472
473
473
474
476
480
479
478
476
475
475
476
476
479
480
481
482
484
484
485
484
477
476
476
476
477
479
481
483
483
483
483
483
478
478
478
478
479
480
481
482
482
482
481
480
477
476
476
475
475
474
473
472
471
473
475
477
480
480
480
480
480
480
479
479
477
477
477
478
478
477
475
473
473
474
474
475
476
478
478
479
478
477
477
477
477
478
478
480
480
481
482
482
481
481
481
481
488
489
489
489
489
489
490
489
481
479
479
479
487
489
490
491
491
491
490
491
487
487
488
489
500
502
503
503
499
498
499
501
503
506
510
514
526
528
530
531
532
531
531
530
525
521
517
513
510
507
506
505
504
503
501
499
496
494
492
491
486
486
486
486
486
486
485
485
485
485
485
484
484
485
485
486
494
495
495
493
491
489
486
484
502
513
526
542
660
689
719
752
905
920
926
923
911
890
859
820
581
541
506
479
418
419
424
430
470
475
478
480
480
480
480
478
470
469
469
469
470
470
471
471
472
472
471
471
476
477
477
477
476
477
477
478
486
487
488
489
494
495
496
497
504
506
509
511
513
515
515
516
513
513
514
515
527
530
533
535
537
539
541
542
549
551
552
553
554
555
558
560
564
567
570
573
580
581
582
583
587
588
589
591
594
596
599
601
600
598
595
592
578
579
580
581
581
582
583
584
583
582
580
577
555
552
550
548
547
546
544
543
527
525
524
522
518
516
512
509
505
500
495
490
477
476
476
477
484
485
485
484
477
476
476
475
476
477
478
479
483
482
481
480
478
480
481
482
483
484
484
484
481
481
483
484
488
488
487
487
486
487
487
487
481
480
479
479
484
487
489
492
494
495
495
495
484
482
482
482
